1 6.95243e-18
6 2.66029e-07
7 3.60438e-07
9 5.81401e-07
2 6.07831e-07
0 3.10133e-07
5 4.12384e-07
8 4.14254e-07
6 2.65661e-07
4 5.04161e-07
10 5.38301e-07
2 5.16073e-07
0 3.2131e-07
5 4.15928e-07
8 4.10897e-07
6 2.17367e-07
7 4.72884e-07
9 5.60858e-07
2 5.16073e-07
9 5.18737e-07
3 7.02663e-07
8 3.8697e-07
6 2.34451e-07
7 4.95658e-07
9 5.593e-07
2 5.33955e-07
0 4.8137e-07
5 2.85347e-07
8 1.89476e-07
6 3.68964e-07
7 4.95658e-07
9 5.593e-07
2 5.24645e-07
0 4.80234e-07
5 2.92594e-07
8 1.92065e-07
6 3.52288e-07
7 3.60438e-07
10 6.16681e-07
2 3.73606e-07
0 4.77308e-07
5 2.92594e-07
8 2.00228e-07
6 4.10197e-07
4 5.04161e-07
10 3.32852e-07
2 3.1099e-07
0 3.15869e-07
5 3.03692e-07
8 2.35624e-07
6 4.30406e-07
4 4.80915e-07
10 3.28996e-07
2 3.18217e-07
9 5.14117e-07
3 6.03093e-07
8 3.08545e-07
6 2.34451e-07
4 4.50162e-07
10 3.03986e-07
2 3.40029e-07
9 5.18737e-07
3 5.78333e-07
8 2.7198e-07
6 3.68964e-07
4 4.50976e-07
10 5.39928e-07
2 5.33955e-07
9 5.37993e-07
3 5.23244e-07
8 2.77459e-07
6 4.78252e-07
4 5.08189e-07
10 3.93677e-07
2 3.73606e-07
9 5.26197e-07
3 6.4599e-07
8 1.92065e-07
6 4.78252e-07
4 4.78685e-07
10 3.84242e-07
2 3.42223e-07
9 4.49401e-07
3 5.91518e-07
8 2.45431e-07
6 4.87759e-07
4 5.17254e-07
10 3.28996e-07
2 3.1906e-07
9 4.46048e-07
3 5.85979e-07
8 2.38105e-07
6 4.87759e-07
4 5.17254e-07
10 3.0744e-07
2 3.42566e-07
9 5.67534e-07
3 5.78333e-07
8 2.95367e-07
6 4.87759e-07
4 5.12313e-07
10 2.90708e-07
2 3.77198e-07
9 5.35887e-07
3 5.31643e-07
8 2.69226e-07
6 4.00316e-07
4 4.50976e-07
10 2.94962e-07
2 3.7482e-07
9 5.34609e-07
3 5.02226e-07
8 2.78419e-07
6 4.7337e-07
4 4.78685e-07
10 2.87788e-07
2 3.23156e-07
9 4.74511e-07
3 4.18785e-07
8 2.93647e-07
6 4.7337e-07
4 4.90543e-07
10 2.88157e-07
2 3.21838e-07
9 4.35878e-07
3 4.25864e-07
8 3.23763e-07
6 4.87759e-07
4 4.16552e-07
10 2.57327e-07
2 3.4715e-07
9 4.27138e-07
3 4.00487e-07
8 3.60399e-07
6 4.87759e-07
4 3.63831e-07
10 3.37205e-07
2 3.71824e-07
9 3.94559e-07
3 4.06292e-07
8 3.56803e-07
6 4.87759e-07
4 3.63831e-07
10 3.32977e-07
2 3.7482e-07
9 4.09416e-07
3 5.59201e-07
8 2.63927e-07
6 5.20667e-07
4 3.12344e-07
10 3.19334e-07
2 3.6896e-07
9 4.03648e-07
3 5.2731e-07
8 2.93647e-07
6 5.18767e-07
4 5.32275e-07
10 2.87788e-07
2 3.44549e-07
9 3.66951e-07
3 5.37379e-07
8 3.09623e-07
6 5.17449e-07
4 5.03395e-07
10 2.57327e-07
2 3.45848e-07
9 3.72087e-07
3 4.272e-07
8 3.11541e-07
6 5.23709e-07
4 4.59693e-07
10 2.55929e-07
2 3.56901e-07
9 3.73356e-07
3 4.06292e-07
8 3.69018e-07
6 4.79817e-07
4 3.63831e-07
10 2.24331e-07
2 4.56418e-07
9 3.812e-07
3 4.06292e-07
8 3.69018e-07
6 4.99718e-07
4 3.23719e-07
10 2.41323e-07
2 4.22742e-07
9 4.09416e-07
3 4.57622e-07
8 3.99756e-07
6 4.99718e-07
4 3.12344e-07
10 2.51814e-07
2 4.44037e-07
9 3.79907e-07
3 3.47845e-07
8 3.91535e-07
6 5.18767e-07
4 3.37582e-07
10 2.74803e-07
2 4.4951e-07
9 3.66951e-07
3 3.32468e-07
8 4.48452e-07
6 5.23709e-07
4 3.42235e-07
10 3.01841e-07
2 3.45848e-07
9 3.64388e-07
3 2.91685e-07
8 4.60085e-07
6 6.86255e-07
8 4.65708e-07
10 3.82035e-07
2 4.39509e-07
9 3.27514e-07
3 5.19168e-07
8 3.69018e-07
6 6.86255e-07
8 4.63848e-07
10 3.76857e-07
2 4.56418e-07
9 2.91909e-07
3 5.09319e-07
8 3.99756e-07
6 6.86255e-07
4 6.06776e-07
10 2.51814e-07
2 4.84916e-07
9 2.29606e-07
3 5.2143e-07
8 3.99756e-07
6 6.86255e-07
8 6.09409e-07
10 2.74803e-07
2 4.76769e-07
9 3.10233e-07
3 3.82062e-07
8 4.54002e-07
5 5.59475e-07
8 6.12289e-07
10 3.04777e-07
2 4.65034e-07
9 3.56904e-07
3 3.04818e-07
0 4.35854e-07
5 4.32192e-07
4 3.42235e-07
10 3.04777e-07
2 4.7415e-07
9 3.2391e-07
3 3.00154e-07
0 3.881e-07
5 3.99496e-07
8 4.63848e-07
10 3.17277e-07
2 4.51702e-07
9 2.91909e-07
3 3.14478e-07
0 3.41742e-07
5 4.40609e-07
8 4.63848e-07
10 3.17277e-07
2 4.64604e-07
9 2.85347e-07
3 3.14478e-07
0 4.7421e-07
6 6.86255e-07
8 4.63045e-07
10 3.68623e-07
2 4.64205e-07
9 2.29606e-07
3 3.31806e-07
0 4.83554e-07
6 6.86255e-07
8 4.69474e-07
10 3.97157e-07
2 4.65034e-07
9 2.60581e-07
3 3.31806e-07
0 4.33e-07
5 4.30198e-07
8 4.08566e-07
10 4.26217e-07
2 4.65034e-07
9 2.72293e-07
3 5.13336e-07
0 4.29228e-07
5 4.30198e-07
8 4.08566e-07
10 4.26217e-07
2 4.93994e-07
9 2.1229e-07
3 5.02296e-07
0 3.881e-07
5 3.14411e-07
8 5.47124e-07
10 3.17277e-07
2 4.93994e-07
9 2.1229e-07
3 4.80167e-07
0 3.20742e-07
5 3.32234e-07
8 5.01902e-07
10 3.49848e-07
2 5.66396e-07
9 3.23488e-07
3 3.27588e-07
0 3.09461e-07
5 3.59348e-07
8 4.82392e-07
10 3.5736e-07
2 5.66396e-07
9 3.23488e-07
3 3.31806e-07
0 3.13501e-07
5 3.60283e-07
8 3.87119e-07
6 5.44831e-07
7 5.69073e-07
9 3.59649e-07
3 3.98373e-07
0 3.34747e-07
5 3.60283e-07
8 4.08566e-07
6 4.97517e-07
7 5.34477e-07
9 2.74128e-07
3 3.98373e-07
0 3.34747e-07
5 3.60283e-07
8 4.18607e-07
6 5.21337e-07
7 5.3706e-07
9 2.1229e-07
3 3.53455e-07
0 3.43434e-07
5 3.19977e-07
8 3.96285e-07
6 5.25779e-07
7 5.3706e-07
9 2.17919e-07
3 2.65377e-07
0 2.61763e-07
5 3.31034e-07
8 3.49089e-07
10 4.26773e-07
2 5.66396e-07
9 2.21424e-07
3 2.99162e-07
0 3.11114e-07
5 3.63894e-07
8 2.95067e-07
10 5.36059e-07
2 5.66396e-07
9 2.21424e-07
3 4.47979e-07
0 3.13501e-07
5 3.63894e-07
8 2.95067e-07
6 5.93105e-07
7 5.69073e-07
9 2.21424e-07
3 4.59433e-07
0 3.34747e-07
5 3.51803e-07
8 3.46819e-07
6 4.97517e-07
7 4.23037e-07
9 4.03019e-07
3 4.71616e-07
0 3.34747e-07
5 3.49881e-07
8 3.50697e-07
6 5.25779e-07
7 4.36058e-07
9 4.06465e-07
3 3.53455e-07
0 3.34747e-07
5 3.59002e-07
8 3.64112e-07
6 4.54312e-07
7 2.87057e-07
9 4.02798e-07
3 2.76574e-07
0 3.02871e-07
5 2.9501e-07
8 3.49089e-07
6 4.68895e-07
7 3.28732e-07
9 3.87105e-07
3 2.99162e-07
0 2.52916e-07
5 2.9501e-07
8 2.95067e-07
6 3.74011e-07
7 4.04075e-07
9 2.21424e-07
3 3.91766e-07
0 2.28863e-07
5 4.24852e-07
8 2.46787e-07
6 3.74011e-07
7 2.98268e-07
9 3.83313e-07
3 3.68338e-07
0 3.74828e-07
5 3.49881e-07
8 2.90832e-07
6 3.19568e-07
7 3.11921e-07
9 4.17715e-07
3 3.775e-07
0 3.88804e-07
5 3.49881e-07
8 3.03839e-07
6 4.88049e-07
7 4.36058e-07
9 4.17715e-07
3 3.56643e-07
0 3.42139e-07
5 3.74259e-07
8 2.51842e-07
6 3.43254e-07
7 3.18583e-07
9 4.94179e-07
3 4.1864e-07
0 2.52916e-07
5 4.02982e-07
8 3.18691e-07
6 3.56463e-07
7 3.35043e-07
9 4.85143e-07
3 4.41005e-07
0 2.55622e-07
5 4.4466e-07
8 2.99349e-07
6 3.74011e-07
7 3.35043e-07
9 4.85143e-07
3 4.80916e-07
0 2.28629e-07
5 4.54055e-07
8 3.12849e-07
6 3.74011e-07
7 3.68954e-07
9 5.45611e-07
3 3.78694e-07
0 2.66943e-07
5 5.12062e-07
8 4.6641e-07
6 3.19568e-07
7 3.71091e-07
9 5.48424e-07
3 3.56643e-07
0 2.76769e-07
5 4.21193e-07
8 2.78657e-07
6 2.89893e-07
7 4.22983e-07
9 5.90942e-07
3 4.21101e-07
0 3.22517e-07
5 4.16889e-07
8 2.91055e-07
6 2.64582e-07
7 3.64997e-07
9 4.94696e-07
3 4.41081e-07
0 3.4489e-07
5 4.44152e-07
8 2.94097e-07
6 2.66029e-07
7 3.6317e-07
9 4.85143e-07
3 4.35891e-07
0 4.32574e-07
5 4.68011e-07
8 3.05081e-07
6 2.65661e-07
7 3.59283e-07
9 5.34321e-07
3 4.5455e-07
0 3.913e-07
5 5.06483e-07
8 3.2262e-07
6 3.66938e-07
7 3.68954e-07
9 5.60858e-07
3 4.76355e-07
0 3.91486e-07
5 5.22422e-07
8 3.27675e-07
6 3.13122e-07
7 4.22983e-07
9 5.593e-07
3 4.38694e-07
0 2.76769e-07
5 5.13945e-07
8 3.31609e-07
6 3.13122e-07
7 4.22983e-07
10 6.16681e-07
3 6.0975e-07
0 3.22517e-07
5 5.25688e-07
8 4.80564e-07
6 2.78543e-07
7 3.94103e-07
10 6.16681e-07
3 6.09244e-07
0 3.10133e-07
5 5.45816e-07
8 4.56719e-07
6 2.66029e-07
4 4.67734e-07
10 3.32852e-07
3 6.51399e-07
0 3.10133e-07
5 5.40954e-07
8 4.60288e-07
6 2.65661e-07
4 4.79494e-07
10 5.38301e-07
3 4.76355e-07
0 3.2131e-07
5 5.70255e-07
8 4.66628e-07
6 2.17367e-07
4 4.60055e-07
10 5.30909e-07
3 4.76355e-07
9 5.18737e-07
3 5.25698e-07
8 3.31609e-07
6 2.34451e-07
4 3.6489e-07
10 5.39928e-07
3 5.26102e-07
9 5.37993e-07
3 4.93652e-07
8 1.92065e-07
6 2.72724e-07
7 3.60812e-07
10 6.16681e-07
2 5.45524e-07
9 5.35901e-07
3 4.93652e-07
8 2.00228e-07
6 3.63875e-07
7 4.05403e-07
10 5.27594e-07
2 4.97523e-07
0 4.77308e-07
5 5.40954e-07
8 2.35624e-07
6 3.73305e-07
4 3.92362e-07
10 3.28996e-07
2 4.43334e-07
0 5.24638e-07
5 5.70255e-07
8 2.38105e-07
6 4.83491e-07
4 4.75346e-07
10 3.0744e-07
2 3.70082e-07
9 5.62292e-07
3 5.50503e-07
8 2.95367e-07
6 4.49777e-07
4 4.08701e-07
10 2.90708e-07
2 6.26706e-07
9 5.18737e-07
3 5.43559e-07
8 2.69226e-07
6 4.29959e-07
4 3.65034e-07
10 2.94455e-07
2 5.68649e-07
9 5.37993e-07
3 5.27662e-07
8 2.97471e-07
6 3.14189e-07
4 3.5084e-07
10 2.87788e-07
2 5.49998e-07
9 5.26197e-07
3 5.13954e-07
8 2.83882e-07
6 3.63875e-07
4 3.62813e-07
10 3.38147e-07
2 4.73118e-07
9 4.49401e-07
3 3.66259e-07
8 3.23763e-07
6 3.44942e-07
4 3.41124e-07
10 3.12508e-07
2 4.07971e-07
9 4.46048e-07
3 4.11131e-07
8 2.38105e-07
6 3.44942e-07
4 3.62196e-07
10 3.37205e-07
2 3.88917e-07
9 4.27138e-07
3 4.419e-07
8 2.58558e-07
6 3.13813e-07
4 2.47045e-07
10 2.94962e-07
2 3.67697e-07
9 3.94559e-07
3 4.20081e-07
8 2.63927e-07
6 3.88672e-07
4 2.79966e-07
10 2.94455e-07
2 3.4189e-07
9 5.34609e-07
3 5.13954e-07
8 2.93647e-07
6 3.99191e-07
4 2.61459e-07
10 2.88157e-07
2 3.24476e-07
9 3.97424e-07
3 3.66259e-07
8 3.09623e-07
6 4.90365e-07
4 3.49918e-07
10 2.57327e-07
2 3.24476e-07
9 3.97007e-07
3 3.96622e-07
8 3.30377e-07
6 4.7264e-07
4 3.41124e-07
10 2.38336e-07
2 4.56142e-07
9 4.27138e-07
3 4.05096e-07
8 3.69018e-07
6 4.7264e-07
4 3.62196e-07
10 2.24331e-07
2 4.51088e-07
9 3.94559e-07
3 4.05096e-07
8 3.44823e-07
6 3.13813e-07
4 3.83097e-07
10 2.41323e-07
2 4.06291e-07
9 4.09416e-07
3 4.09726e-07
8 3.29501e-07
6 3.99191e-07
4 3.49033e-07
10 3.19334e-07
2 3.43936e-07
9 4.03648e-07
3 3.75194e-07
8 3.91535e-07
6 3.99191e-07
4 3.62241e-07
10 3.01841e-07
2 3.24476e-07
9 3.66951e-07
3 3.59023e-07
8 3.11541e-07
6 4.17275e-07
4 3.62241e-07
10 3.01841e-07
2 3.07494e-07
9 3.64388e-07
3 3.98817e-07
8 3.67742e-07
6 3.97141e-07
4 2.9995e-07
10 2.24331e-07
2 3.83138e-07
9 3.40759e-07
3 3.83827e-07
8 3.69018e-07
6 5.3487e-07
4 4.41435e-07
10 2.41511e-07
2 4.18716e-07
9 3.812e-07
3 4.09726e-07
8 3.99756e-07
6 5.3487e-07
4 4.56719e-07
10 2.51814e-07
2 3.72547e-07
9 3.83412e-07
3 4.43457e-07
8 4.54002e-07
6 4.98707e-07
4 3.63958e-07
10 2.74803e-07
2 3.37362e-07
9 3.54761e-07
3 3.69067e-07
8 4.91841e-07
6 4.98707e-07
4 3.62241e-07
10 3.04777e-07
2 4.2552e-07
9 3.66951e-07
3 3.14521e-07
0 4.29228e-07
5 6.56151e-07
4 4.08635e-07
10 3.46262e-07
2 4.4354e-07
9 3.64388e-07
3 3.46197e-07
8 4.73445e-07
6 5.3487e-07
4 4.56674e-07
10 3.17277e-07
2 4.24075e-07
9 3.27514e-07
3 3.58133e-07
0 4.7421e-07
6 5.3487e-07
4 4.82246e-07
10 4.18332e-07
2 3.64319e-07
9 2.91909e-07
3 3.79447e-07
0 4.69083e-07
6 5.3487e-07
4 4.77596e-07
10 4.09018e-07
2 3.37362e-07
9 2.29606e-07
3 3.19495e-07
8 4.54002e-07
6 5.3487e-07
4 4.76055e-07
10 3.97157e-07
2 3.37362e-07
9 2.29606e-07
3 3.21401e-07
0 4.35854e-07
5 5.35318e-07
4 5.59688e-07
10 3.04777e-07
2 4.25396e-07
9 2.72293e-07
3 3.1775e-07
0 4.31453e-07
5 5.35318e-07
4 5.96197e-07
10 3.46262e-07
2 4.04789e-07
9 3.2391e-07
3 3.59402e-07
0 3.41742e-07
5 4.96154e-07
4 5.77359e-07
10 3.17277e-07
2 4.01726e-07
9 3.39922e-07
3 3.48833e-07
0 3.20742e-07
5 5.8531e-07
4 4.82246e-07
10 3.49848e-07
2 4.01726e-07
9 3.39922e-07
3 3.77052e-07
0 3.13501e-07
5 6.01298e-07
4 4.76055e-07
10 3.5736e-07
2 4.59647e-07
9 2.29606e-07
3 3.54871e-07
0 3.13501e-07
5 6.01298e-07
4 4.76055e-07
6 5.44831e-07
7 4.60959e-07
9 2.60581e-07
3 3.58465e-07
0 4.34385e-07
5 5.35318e-07
4 4.63313e-07
6 4.97517e-07
7 4.6129e-07
9 2.72293e-07
3 3.56806e-07
0 3.69161e-07
5 4.98411e-07
4 4.33409e-07
10 4.12443e-07
2 4.01726e-07
9 2.1229e-07
3 3.29536e-07
0 3.43434e-07
5 5.35617e-07
4 5.71877e-07
10 4.26773e-07
2 4.01726e-07
9 2.1229e-07
3 3.36547e-07
0 3.09461e-07
5 4.62126e-07
4 6.11736e-07
10 4.26773e-07
2 4.98411e-07
9 2.21424e-07
3 4.01265e-07
0 3.13501e-07
5 4.4433e-07
8 6.98293e-07
10 3.5736e-07
2 4.98411e-07
9 2.21424e-07
3 4.25171e-07
0 3.34747e-07
5 4.4433e-07
8 6.28261e-07
6 4.97517e-07
7 3.69704e-07
9 3.59649e-07
3 3.56806e-07
0 3.34747e-07
5 3.60428e-07
8 4.90519e-07
6 4.97517e-07
7 3.57716e-07
9 3.85915e-07
3 3.56806e-07
0 3.34747e-07
5 5.06172e-07
4 4.40529e-07
6 5.25779e-07
7 3.3361e-07
9 4.06465e-07
3 4.57375e-07
0 1.69271e-07
5 5.31087e-07
4 5.71877e-07
6 4.54312e-07
7 4.5608e-07
9 2.17919e-07
3 5.2464e-07
0 2.52916e-07
5 4.76236e-07
8 6.40433e-07
6 3.68019e-07
7 3.51667e-07
9 2.21424e-07
3 5.41781e-07
0 3.11114e-07
5 4.4433e-07
8 6.40433e-07
6 3.74011e-07
7 3.36262e-07
9 2.21424e-07
3 6.01078e-07
0 3.92162e-07
5 4.4433e-07
8 6.40433e-07
6 5.90942e-07
7 3.69704e-07
9 2.21424e-07
3 6.24656e-07
0 3.74828e-07
5 3.50141e-07
8 4.42751e-07
6 4.77492e-07
7 3.57716e-07
9 4.03019e-07
3 4.46146e-07
0 3.34747e-07
5 3.63637e-07
8 4.84768e-07
6 4.84248e-07
7 3.3361e-07
9 4.17715e-07
3 5.01618e-07
0 3.02871e-07
5 3.43073e-07
8 5.50117e-07
6 4.54312e-07
7 3.34433e-07
9 5.10491e-07
3 5.06324e-07
0 2.52916e-07
5 3.51317e-07
8 5.13625e-07
6 3.74011e-07
7 2.92863e-07
9 3.87105e-07
3 6.01078e-07
0 2.28863e-07
5 3.06457e-07
8 4.83102e-07
6 3.74011e-07
7 2.99704e-07
9 3.75501e-07
3 6.01078e-07
0 2.28629e-07
5 4.34647e-07
8 5.71171e-07
6 3.74011e-07
7 3.23151e-07
9 4.80512e-07
3 6.371e-07
0 2.5696e-07
5 4.3964e-07
8 4.51034e-07
6 3.19568e-07
7 4.10225e-07
9 4.17715e-07
3 6.32496e-07
0 2.76769e-07
5 4.3964e-07
8 4.84768e-07
6 2.89893e-07
7 4.66966e-07
9 4.17715e-07
3 6.48224e-07
0 3.85917e-07
5 3.51317e-07
8 4.40847e-07
6 2.64582e-07
7 5.12857e-07
9 4.94179e-07
2 5.88631e-07
0 4.58847e-07
5 3.01468e-07
8 4.33435e-07
6 3.66938e-07
7 2.99704e-07
9 4.85143e-07
2 6.07831e-07
0 4.32574e-07
5 2.8847e-07
8 4.14254e-07
6 3.66938e-07
7 2.99704e-07
9 4.85143e-07
3 5.9808e-07
0 2.66943e-07
5 2.54213e-07
8 4.10897e-07
6 3.66938e-07
7 3.48942e-07
9 5.60858e-07
3 5.97121e-07
0 2.76769e-07
5 2.96289e-07
8 4.03335e-07
6 2.89893e-07
7 3.49748e-07
9 5.593e-07
3 5.97121e-07
0 2.76769e-07
5 2.85347e-07
8 3.85855e-07
6 2.65282e-07
7 3.65742e-07
9 5.90942e-07
2 6.01181e-07
0 3.4489e-07
5 2.92594e-07
8 3.77047e-07
6 2.78543e-07
7 3.60438e-07
9 5.90076e-07
2 6.11139e-07
0 3.10133e-07
5 4.25839e-07
8 4.22587e-07
6 2.66029e-07
7 3.60438e-07
9 5.81401e-07
2 5.41227e-07
0 3.15869e-07
5 4.15928e-07
8 4.10897e-07
6 2.17367e-07
7 4.79485e-07
9 5.34321e-07
2 5.16073e-07
9 5.14117e-07
3 7.17261e-07
8 3.84392e-07
