8 1.14986
8 0.457324
12 0.307763
8 0.181277
8 0.181278
8 0.181276
8 0.181278
8 0.181278
8 0.181278
8 0.181278
12 0.578229
3 0.00708094
3 0.00708341
3 0.00708141
3 0.00708491
3 0.00708141
3 0.00708341
12 0.538547
12 0.660554
9 0.202292
4 0.325282
4 0.220774
4 0.310903
2 0.00612834
2 0.00612482
2 0.00612728
5 0.28546
5 0.187002
2 0.00612917
2 0.00612779
2 0.00612432
1 0.022215
2 0.00612675
2 0.00612834
2 0.00612482
11 0.180812
5 0.212353
2 0.00612384
2 0.00612834
2 0.00612444
1 0.0222141
2 0.00612433
2 0.00612728
2 0.00612741
11 0.0789819
2 0.187372
2 0.00612361
2 0.00612817
2 0.00612867
1 0.0222146
2 0.00612705
2 0.00612611
2 0.00612728
11 0.220241
12 0.330676
8 0.0837882
8 0.124307
8 0.0747011
8 0.177876
8 0.107231
8 0.202332
8 0.0779473
8 0.207794
8 0.175794
8 0.259724
8 0.0776066
8 0.219465
12 0.612882
3 0.00708141
3 0.00708539
3 0.00708094
3 0.00708341
3 0.00708141
3 0.00708539
12 0.491494
12 0.710198
9 0.202292
4 0.264872
4 0.220773
4 0.35576
2 0.00612342
2 0.00612867
2 0.00612327
5 0.302877
5 0.182448
2 0.00612516
2 0.00612834
2 0.00612708
1 0.0222147
2 0.0061242
2 0.006128
2 0.00612917
11 0.128068
5 0.2194
2 0.00612676
2 0.00612535
2 0.00612827
1 0.0222146
2 0.00612834
2 0.0061241
2 0.006128
11 0.0845099
2 0.122075
2 0.00612426
2 0.00612377
2 0.00612834
1 0.0222204
2 0.00610937
2 0.00612637
2 0.00612672
11 0.182827
2 0.00558403
2 0.00610765
2 0.00612917
2 0.00612327
1 0.0222204
2 0.00610635
2 0.006128
2 0.00612493
11 0.276161
12 0.322947
14 0.201176
15 0.00339028
15 0.00325121
15 0.00325207
15 0.00325061
6 0.0179225
13 0.0146961
13 0.0147657
13 0.0152602
6 0.0163952
7 0.0252032
7 0.047525
14 0.0349805
14 0.0612106
7 0.0204924
7 0.0315675
0 0.0149017
16 0.00664577
16 0.00549405
0 0.0105606
16 0.00732203
0 0.0128696
0 0.00649217
16 0.0131215
0 0.00381489
0 0.0105624
0 0.0075899
0 0.0059521
0 0.01021
16 0.00947372
0 0.008707
16 0.0102481
0 0.0130355
0 0.0096537
16 0.00706398
0 0.00311948
0 0.00613708
16 0.00652908
0 0.0113334
0 0.0063481
16 0.00737455
0 0.00991324
0 0.00519121
16 0.00729281
0 0.00781153
0 0.00487883
16 0.00731086
0 0.00581147
0 0.00487435
16 0.00755551
0 0.00274145
0 0.00457523
16 0.00726824
0 0.00294552
0 0.00259686
16 0.00758821
0 0.020545
0 0.028183
16 0.00725583
0 0.00694498
0 0.0112395
16 0.00735285
0 0.0117067
0 0.00598305
16 0.00402646
16 0.00959126
16 0.0116977
6 0.0202092
7 0.0230489
7 0.0434165
7 0.0492386
14 0.0472486
14 0.0549135
6 0.0143316
0 0.0169125
13 0.0147249
13 0.0148471
13 0.0206259
15 0.00325417
15 0.00325128
15 0.00325112
15 0.00325203
15 0.00325343
8 0.220733
14 0.0751312
15 0.00325172
15 0.00333676
15 0.00341
15 0.00339734
16 0.0142611
13 0.0147225
13 0.0148633
13 0.0149844
6 0.0206335
7 0.0499226
7 0.0394936
14 0.0390576
7 0.0395867
6 0.0356074
7 0.039737
0 0.0128559
16 0.0107106
0 0.0145764
16 0.0108588
16 0.00816181
0 0.00931299
0 0.0068948
16 0.0140125
0 0.00627822
0 0.00445753
0 0.0112822
0 0.00421597
0 0.00764424
16 0.0109824
0 0.0115245
0 0.00963451
16 0.0121444
0 0.012948
0 0.00759039
16 0.0124812
0 0.00440299
0 0.00751108
16 0.0123526
0 0.00446421
0 0.00886809
16 0.0119281
0 0.00372223
16 0.01115
0 0.0057635
0 0.00297272
16 0.00451665
0 0.0031312
0 0.00298955
16 0.00320835
0 0.00304314
0 0.00674893
16 0.00397455
0 0.00238351
0 0.00546776
16 0.0041803
0 0.0267436
0 0.0190735
16 0.00703139
0 0.00852904
0 0.00597866
16 0.00697253
0 0.00498098
0 0.00789683
16 0.0068354
16 0.00884823
16 0.0116375
6 0.0280367
7 0.0427605
7 0.0289691
14 0.0544817
14 0.0503731
14 0.0526974
6 0.0219807
16 0.0210229
13 0.0152475
13 0.015001
13 0.0220436
15 0.00325451
15 0.00332978
15 0.00338503
15 0.00339406
15 0.00336038
8 0.120824
6 0.0330833
15 0.00321749
6 0.0147855
16 0.0185957
16 0.0203082
16 0.0193579
16 0.0192596
0 0.0174882
13 0.0102486
0 0.012809
7 0.0330916
14 0.055052
14 0.0310792
7 0.0366798
7 0.0281027
7 0.0231862
0 0.00897532
16 0.00692922
0 0.010875
16 0.0135795
16 0.0131685
16 0.0122578
0 0.0059
16 0.00853023
0 0.0109843
0 0.00793411
16 0.00726796
0 0.0187044
0 0.00705058
16 0.00757964
0 0.00231906
0 0.00556087
16 0.00726832
0 0.0031624
0 0.00381929
16 0.00726655
0 0.00651688
0 0.00456839
16 0.00754572
0 0.00493818
0 0.00654826
16 0.00732808
0 0.00470604
0 0.00730683
16 0.00726342
0 0.00453984
0 0.0102116
16 0.00754447
0 0.00713026
0 0.00765804
16 0.00782218
0 0.00945224
0 0.00285484
16 0.0039141
0 0.00580992
0 0.00614316
16 0.0118528
0 0.00455612
0 0.00881054
0 0.00808732
0 0.00788068
16 0.0104009
0 0.00892149
16 0.0116046
16 0.00527082
16 0.0116724
16 0.0132554
7 0.016055
7 0.0145368
7 0.0362814
14 0.0360485
14 0.0562535
7 0.0432723
0 0.0214446
13 0.0103352
0 0.0189953
16 0.0181601
16 0.0195597
16 0.0196148
16 0.0200802
6 0.0143844
15 0.00330838
15 0.00295662
12 0.647814
3 0.00708341
3 0.00708079
3 0.00708554
3 0.00708141
3 0.00708341
3 0.00708744
12 0.448277
12 0.758814
9 0.202292
4 0.211782
4 0.220774
4 0.398661
2 0.00612433
2 0.00612917
2 0.00612676
5 0.333234
5 0.203296
2 0.00612917
2 0.00612327
2 0.00612884
1 0.0222145
2 0.00612778
2 0.00612433
2 0.00612877
11 0.0858376
2 0.203975
2 0.00612778
2 0.00612602
2 0.00612642
1 0.0222139
2 0.00612834
2 0.0061271
2 0.00612501
11 0.125827
2 0.0603845
2 0.00612672
2 0.00612785
2 0.00612433
1 0.022214
2 0.00612433
2 0.00612917
2 0.00612327
11 0.182958
2 0.00567317
2 0.00612433
2 0.00612811
2 0.0178654
1 0.0130065
2 0.00612327
2 0.0061285
2 0.00612867
11 0.183225
2 0.00597775
2 0.00612708
2 0.00612503
2 0.111299
1 0.0976447
2 0.00612917
2 0.00612327
2 0.00612884
11 0.183325
2 0.00612485
2 0.00612877
2 0.00612334
1 0.119647
2 0.135975
2 0.00612778
2 0.00612602
2 0.00612642
11 0.416925
12 0.285047
14 0.0590286
15 0.00325187
15 0.00325042
15 0.00325285
15 0.00325019
15 0.00338563
16 0.014356
13 0.0240346
13 0.0256535
7 0.0257961
6 0.0358589
6 0.025677
6 0.00977367
6 0.0126184
16 0.020656
16 0.0229617
6 0.0150971
15 0.0180987
7 0.0386149
6 0.00674787
6 0.00561639
7 0.0425383
15 0.0132537
15 0.0123455
16 0.016191
6 0.00686555
6 0.00795407
6 0.00784379
6 0.00766313
13 0.0168081
13 0.0158359
6 0.00780782
6 0.0139205
6 0.0118684
6 0.00432113
6 0.00936666
6 0.00637429
6 0.0267769
6 0.0111206
6 0.012069
6 0.0182252
6 0.0134976
6 0.0072017
6 0.0137949
6 0.00804454
6 0.00483862
6 0.00379836
6 0.00880914
6 0.00397892
6 0.00526784
6 0.00546742
6 0.0122228
6 0.0111202
6 0.00746868
6 0.00698189
6 0.00404812
6 0.00476745
6 0.0105123
6 0.00555964
6 0.0123708
6 0.00312223
6 0.00615665
6 0.00972631
6 0.0087829
6 0.00597335
6 0.0125362
6 0.00644374
6 0.0162983
6 0.0124648
6 0.00456357
6 0.02212
6 0.00573132
6 0.0140779
6 0.00654702
6 0.0123787
6 0.00620863
6 0.0163185
6 0.0102849
6 0.00728888
16 0.0101777
16 0.0197548
16 0.011924
6 0.00845004
6 0.00500861
6 0.0133812
15 0.0165848
16 0.0145244
15 0.0144725
6 0.0168721
6 0.0263748
6 0.0122907
6 0.0241696
6 0.0207052
16 0.00845906
16 0.00828407
6 0.0146862
16 0.0190948
6 0.00956518
6 0.0244726
7 0.0374996
7 0.0270102
13 0.0250138
13 0.0249824
16 0.0141269
15 0.00312549
15 0.00339599
15 0.00333972
15 0.00324264
15 0.00323909
14 0.0601243
8 0.256888
15 0.00336471
15 0.00324789
15 0.00355863
15 0.00341317
15 0.00341828
6 0.0155873
13 0.0246133
13 0.0279876
6 0.0143517
7 0.0494391
6 0.011071
6 0.0257637
6 0.0137768
16 0.0184797
16 0.0210286
6 0.00649025
16 0.0239452
6 0.0331194
6 0.0126426
6 0.00544817
7 0.0334714
6 0.0175966
15 0.0167996
16 0.0141169
6 0.00759101
6 0.00783644
6 0.0081629
6 0.00364741
16 0.00997871
10 0.0179889
16 0.00597529
6 0.0124015
6 0.0128793
6 0.00871656
6 0.00464975
6 0.0153849
6 0.0193419
6 0.00811482
6 0.0104271
6 0.0304756
6 0.0109058
6 0.00898352
6 0.0105377
6 0.00611608
6 0.00874926
6 0.00592374
6 0.00862702
6 0.00662729
6 0.00449271
6 0.0052292
6 0.00455924
6 0.00436197
6 0.00422211
6 0.00362971
6 0.00462643
6 0.00623127
6 0.00473772
6 0.00473299
6 0.00972992
6 0.00562268
6 0.00649529
6 0.00513799
6 0.00704813
6 0.00570233
6 0.00949676
6 0.00318904
6 0.0133099
6 0.01252
6 0.00875451
6 0.0237004
6 0.00601244
6 0.00577624
6 0.0228295
6 0.0140221
6 0.00496331
6 0.0123405
6 0.00540838
16 0.0113148
0 0.0118716
10 0.0233586
16 0.0122284
6 0.0102554
6 0.00306988
6 0.00411044
6 0.00954092
16 0.0139692
15 0.0165997
6 0.017558
6 0.0283768
6 0.00793835
6 0.0130725
6 0.0265676
16 0.0135106
6 0.00951619
16 0.0155503
6 0.0174682
16 0.0205286
7 0.0407031
6 0.0169449
7 0.0490304
16 0.0140912
13 0.0254731
13 0.0242059
6 0.0158878
15 0.00325224
15 0.00325068
15 0.00333845
15 0.0033932
15 0.00311728
8 0.130969
15 0.00509065
15 0.00307694
15 0.0029913
16 0.0148073
15 0.00691059
15 0.00639561
15 0.0176612
6 0.0160956
0 0.0106071
16 0.0126503
7 0.0388209
6 0.0144467
6 0.0263382
16 0.0177866
6 0.0106332
16 0.0173146
6 0.0100699
6 0.0104189
6 0.0118156
6 0.0178617
6 0.0125707
6 0.0144186
16 0.0168293
6 0.0113274
15 0.0138573
6 0.016311
6 0.00410407
6 0.0115117
16 0.0127873
16 0.0142186
16 0.0109005
16 0.00782355
6 0.0031382
6 0.0111507
6 0.00948439
6 0.00762899
6 0.00657571
6 0.00879655
6 0.0282506
6 0.0104777
6 0.0050195
6 0.00536442
6 0.00882047
6 0.00304233
6 0.0101695
6 0.00742911
6 0.00915254
6 0.00874062
6 0.00787896
6 0.00613396
6 0.0056706
6 0.00387746
6 0.00494931
6 0.010584
6 0.00646429
6 0.00914042
6 0.00539626
6 0.0059589
6 0.0073728
6 0.005394
6 0.00918842
6 0.0064554
6 0.00669104
6 0.00643788
6 0.00767848
6 0.00833176
6 0.00398987
6 0.00719293
6 0.003576
6 0.0111962
6 0.00360214
6 0.0207829
6 0.00423485
6 0.00370761
6 0.00693619
6 0.00834448
6 0.00964519
6 0.00643713
16 0.0102407
16 0.0095953
16 0.0144045
16 0.00974924
6 0.00793642
6 0.00418552
6 0.0124615
15 0.0138344
6 0.0108219
16 0.0176659
6 0.015418
6 0.0291291
6 0.00946873
6 0.00771489
6 0.00794028
6 0.014925
6 0.0163893
16 0.0189271
6 0.00646741
6 0.0116678
6 0.0379277
6 0.0213522
16 0.0110512
16 0.00894723
16 0.0138558
15 0.00554338
15 0.00697309
15 0.0164764
6 0.0152803
15 0.0028374
15 0.00276521
14 0.210298
3 0.014394
3 0.00708135
3 0.00708496
3 0.00708161
3 0.00708316
3 0.00708141
3 0.150575
12 0.447991
9 0.10465
9 0.605436
4 0.220773
4 0.220775
1 0.212655
2 0.00612735
2 0.00612482
2 0.00612762
11 0.374667
2 0.00612327
2 0.00612884
2 0.00612834
1 0.0220704
2 0.00595544
2 0.00612632
2 0.006128
2 0.169258
11 0.141497
2 0.00612867
2 0.00612377
2 0.00612834
1 0.0222139
2 0.00612695
2 0.00612516
2 0.00612834
5 0.169265
11 0.188602
2 0.00612884
2 0.00612535
2 0.00612675
1 0.0222148
2 0.00612917
2 0.00612676
2 0.00612535
5 0.102167
11 0.194105
2 0.00612642
2 0.006128
2 0.00612516
1 0.0222149
2 0.00612503
2 0.00612834
2 0.00612377
5 0.108597
11 0.243621
2 0.00612433
2 0.00612762
2 0.00612755
1 0.0222139
2 0.00612327
2 0.00612884
2 0.00612834
5 0.164837
11 0.320073
2 0.00612741
2 0.00612575
2 0.00612728
1 0.0222142
2 0.00612867
2 0.00612377
2 0.00612834
5 0.261604
12 0.319885
8 0.326279
6 0.014199
16 0.0260235
16 0.0241952
16 0.0260549
16 0.0130485
13 0.0333791
14 0.0457424
10 0.0212347
7 0.0377407
10 0.0140727
10 0.0292653
10 0.0197764
10 0.0174886
7 0.0296213
10 0.0108265
10 0.010755
7 0.0286117
10 0.0201841
10 0.0261031
7 0.0268419
7 0.0356514
10 0.0230136
10 0.00800147
10 0.0215416
10 0.0111513
10 0.0112557
13 0.0198291
10 0.0122184
10 0.00677346
10 0.00927743
10 0.0158642
10 0.0127828
13 0.0203555
10 0.00939591
10 0.0141691
10 0.0129213
10 0.0161128
10 0.00599456
10 0.0046329
10 0.00959547
10 0.00554894
10 0.010662
10 0.0169073
10 0.010307
10 0.011301
10 0.0185378
10 0.0102488
10 0.0132286
13 0.0215938
10 0.0189536
10 0.00728948
10 0.00972051
10 0.00965438
10 0.0104331
10 0.0135432
10 0.00356916
10 0.0117731
10 0.0184184
10 0.0230709
10 0.0159159
7 0.0262279
7 0.0326792
13 0.0243588
10 0.00301487
10 0.0300996
10 0.00882893
10 0.0109709
7 0.0292635
10 0.0165971
10 0.0220356
10 0.0176382
10 0.0112971
7 0.0281186
7 0.0281364
14 0.0310334
13 0.0231264
16 0.0191433
16 0.024233
16 0.0260235
16 0.0217805
6 0.0142308
8 0.283677
6 0.014602
16 0.0170966
16 0.0260397
16 0.0247615
16 0.0241827
13 0.023883
14 0.0324261
10 0.0137308
7 0.0200069
10 0.029472
10 0.0137378
10 0.0205513
10 0.02513
10 0.0333866
10 0.0113367
10 0.00977083
10 0.0184073
10 0.0191194
13 0.0276229
10 0.0169622
7 0.023548
10 0.0133766
10 0.0289887
10 0.0132377
10 0.0183115
10 0.00539304
10 0.0129613
10 0.00599628
10 0.00446841
10 0.00861018
10 0.00649827
10 0.022479
10 0.0204936
10 0.0151865
10 0.0106487
10 0.017364
10 0.0226046
10 0.0151189
10 0.00687001
10 0.0117866
10 0.00486865
10 0.00635598
10 0.00614602
10 0.00440101
10 0.017565
10 0.011997
10 0.0155271
10 0.0100436
13 0.0191393
10 0.00978695
13 0.017612
10 0.0115024
10 0.00663719
10 0.00805085
10 0.00516738
10 0.00322704
10 0.00728114
10 0.00820279
10 0.0237398
10 0.0214223
7 0.0324646
7 0.0333306
13 0.025245
10 0.0152797
7 0.0266911
10 0.0151537
10 0.0124986
7 0.0311749
10 0.0239476
10 0.0175315
