1 0.868028
6 0.228882
13 0.254361
13 0.0424077
3 0.176705
10 0.332366
13 0.0870379
13 0.0863784
13 0.085041
3 0.425358
7 0.283479
13 0.236833
13 0.0858985
13 0.0852914
9 0.429764
0 0.217256
9 0.37805
13 0.0860827
13 0.0865065
13 0.410452
3 0.324135
1 0.0865537
12 0.09086
1 0.113867
2 0.0612628
1 0.0931245
2 0.100131
7 0.113911
2 0.150977
7 0.0553271
10 0.152863
7 0.0722175
10 0.0516804
4 0.122797
11 0.0555875
0 0.138984
11 0.0505094
0 0.127145
11 0.0407072
0 0.13653
11 0.0902563
2 0.13528
1 0.0423739
2 0.154637
1 0.0657524
2 0.0849671
1 0.053237
2 0.0728083
1 0.115394
2 0.0300897
7 0.0444709
2 0.0337954
7 0.0945005
12 0.124274
1 0.0710146
2 0.140004
1 0.0727294
12 0.100803
1 0.0373837
12 0.110463
1 0.0464035
12 0.0965462
1 0.11196
9 0.312217
3 0.192964
11 0.199887
10 0.144548
7 0.200857
11 0.19085
11 0.144505
4 0.131977
11 0.0944552
4 0.0890881
11 0.120066
4 0.140693
11 0.123435
2 0.136562
1 0.124899
11 0.126731
7 0.138854
11 0.10251
4 0.0802038
11 0.140751
4 0.142119
11 0.119649
2 0.0715004
1 0.166008
11 0.177728
4 0.160133
11 0.08993
4 0.12185
11 0.136987
11 0.163902
7 0.127368
11 0.187949
2 0.104708
11 0.158682
10 0.140569
7 0.129271
11 0.142261
4 0.0859229
11 0.139561
4 0.0911602
11 0.132541
4 0.099552
11 0.128958
4 0.112997
11 0.101984
2 0.140953
1 0.0473241
12 0.136426
1 0.0850404
12 0.10323
1 0.0852609
2 0.0966361
7 0.062926
2 0.171358
7 0.0855518
12 0.119047
1 0.127796
2 0.0847697
7 0.0727939
12 0.140315
1 0.130342
12 0.103833
1 0.0894687
12 0.105459
1 0.0341944
12 0.109098
1 0.0356324
12 0.0707139
1 0.0438492
12 0.0800318
1 0.0391854
12 0.0406673
1 0.0785097
12 0.0612749
1 0.09666
12 0.0802727
11 0.133011
12 0.0509163
1 0.123192
12 0.0504856
11 0.129356
2 0.175093
1 0.0937237
2 0.106746
1 0.0908905
2 0.117231
1 0.0878633
2 0.0949077
1 0.0732441
12 0.166682
1 0.0741102
4 0.107425
11 0.102449
4 0.112334
11 0.0529335
0 0.118201
11 0.111548
0 0.0992749
11 0.0891914
0 0.0777378
10 0.102567
0 0.114836
10 0.0728552
4 0.151625
11 0.0996558
4 0.150385
1 0.142686
12 0.119885
1 0.0553867
12 0.0920696
1 0.0633928
12 0.12262
1 0.0968911
12 0.129326
1 0.133013
12 0.104797
1 0.127218
12 0.166126
1 0.136953
12 0.158875
11 0.121372
12 0.09551
11 0.116243
12 0.12282
1 0.0367607
12 0.112125
1 0.0380801
12 0.0745407
1 0.0733822
2 0.068371
7 0.0548712
2 0.0880783
7 0.0470957
2 0.0788962
7 0.0713457
2 0.107943
7 0.112569
2 0.0373066
7 0.0670129
2 0.0341833
7 0.0276874
2 0.080399
7 0.049046
2 0.0783844
7 0.120142
11 0.0787751
0 0.12374
6 0.0947627
11 0.1721
10 0.145058
7 0.0817381
2 0.0421504
7 0.0162068
2 0.0957492
7 0.0632889
11 0.14305
0 0.0868747
6 0.115153
6 0.0496503
9 0.337311
13 0.0407644
9 0.455634
4 0.188028
13 0.456591
13 0.0854167
13 0.0853691
9 0.37606
0 0.238496
9 0.341895
13 0.0856627
13 0.0850035
13 0.222713
3 0.313909
10 0.578313
13 0.0724017
13 0.0769673
13 0.10078
3 0.300301
1 0.04338
12 0.0951592
1 0.0885657
2 0.0328726
7 0.121409
2 0.128964
7 0.0762533
10 0.133214
7 0.0737291
10 0.0687224
4 0.126487
11 0.129899
0 0.116472
11 0.0545666
0 0.141511
11 0.0354414
0 0.135322
11 0.075838
4 0.12797
1 0.0703653
2 0.107036
1 0.052985
2 0.107368
1 0.088622
2 0.0497645
7 0.121841
2 0.0689544
7 0.0251692
2 0.0990785
7 0.0938532
2 0.162821
7 0.0941441
2 0.116682
7 0.064274
2 0.0423274
7 0.0517778
12 0.133724
1 0.10389
12 0.124897
1 0.0859771
12 0.108568
1 0.176223
9 0.551669
3 0.362565
1 0.0859129
10 0.192363
7 0.211714
11 0.210334
11 0.0743484
4 0.0883546
11 0.122512
4 0.15535
11 0.124405
2 0.163551
1 0.133549
11 0.105911
4 0.13027
11 0.138635
4 0.0903232
11 0.0985614
2 0.138994
1 0.131703
2 0.184758
1 0.145429
11 0.111325
4 0.0517937
11 0.181008
4 0.101325
11 0.110047
2 0.109142
1 0.0682405
11 0.156541
4 0.120106
11 0.127311
11 0.176915
4 0.079662
11 0.152364
4 0.118115
11 0.11441
2 0.150695
1 0.108138
10 0.155515
7 0.0910905
11 0.18987
4 0.138606
10 0.176504
7 0.065168
11 0.100314
4 0.105595
11 0.0976555
12 0.123962
10 0.112513
0 0.155507
11 0.120724
12 0.0988077
11 0.163657
12 0.150724
10 0.149783
12 0.142831
11 0.136963
12 0.114927
10 0.175962
12 0.149547
10 0.161331
12 0.12795
10 0.107235
0 0.092028
10 0.106677
0 0.0818522
10 0.085379
0 0.109616
10 0.113631
0 0.0762156
10 0.067938
0 0.0935396
10 0.0723044
0 0.0836298
10 0.11326
0 0.1142
10 0.110944
0 0.131054
10 0.11014
0 0.138639
11 0.118228
0 0.0608282
11 0.104594
0 0.125293
11 0.0732623
0 0.11069
11 0.075201
0 0.123666
11 0.0919452
0 0.0447863
11 0.0702804
4 0.0850228
10 0.128054
7 0.0691253
2 0.0604703
1 0.0914532
2 0.0670396
7 0.0821309
2 0.118006
1 0.0960402
12 0.0869623
1 0.0572207
12 0.127961
1 0.150335
10 0.0449557
4 0.134415
10 0.0784955
0 0.0912392
10 0.111471
0 0.100152
2 0.124845
4 0.116816
2 0.0675262
4 0.112784
2 0.122369
4 0.108504
2 0.0759877
4 0.102499
2 0.0623945
4 0.114704
2 0.0720339
4 0.109427
10 0.120077
0 0.046692
10 0.0626932
0 0.0848154
10 0.094499
0 0.121832
11 0.0557605
12 0.113021
11 0.117431
12 0.0954516
11 0.124251
12 0.0752051
11 0.132913
12 0.0882726
11 0.129239
12 0.0891393
11 0.114328
12 0.0890954
11 0.122363
12 0.0767293
11 0.116757
12 0.0413597
11 0.244135
11 0.123895
4 0.147043
6 0.0327173
11 0.11552
2 0.152927
1 0.0498506
12 0.0858998
1 0.0575038
12 0.0964891
1 0.0672578
2 0.0913446
7 0.244946
6 0.115351
6 0.115379
6 0.115391
6 0.386739
14 0.323627
14 0.0702129
14 0.0892924
14 0.0997436
14 0.141773
14 0.097831
14 0.636476
13 0.0455083
9 0.435262
0 0.268307
9 0.375781
13 0.0853408
13 0.0842366
13 0.219515
3 0.314122
10 0.546636
13 0.0854874
13 0.0848612
13 0.0834694
3 0.19534
10 0.282326
13 0.0309533
13 0.0568998
13 0.0717055
3 0.291416
1 0.048949
12 0.118909
1 0.0934605
2 0.0723204
1 0.0834635
2 0.0559208
1 0.138363
10 0.1568
7 0.0566758
10 0.113547
7 0.120493
11 0.112597
0 0.121354
11 0.0543963
0 0.137714
11 0.0394045
0 0.133916
11 0.0755763
4 0.126379
1 0.0764309
2 0.116071
1 0.0601461
2 0.123494
1 0.0850066
2 0.075569
7 0.0661776
2 0.14362
7 0.0718706
2 0.143208
4 0.111457
10 0.158919
7 0.118878
2 0.0964037
7 0.055996
2 0.0276195
7 0.0879761
12 0.111675
1 0.0896152
12 0.111414
1 0.0819457
12 0.10897
1 0.186978
10 0.384829
9 0.543675
1 0.0461707
2 0.127634
7 0.272532
6 0.16433
11 0.0886666
4 0.105875
11 0.114564
2 0.144656
1 0.149639
10 0.181402
1 0.13222
11 0.114989
4 0.0885166
11 0.137415
4 0.0940491
11 0.0928437
2 0.173291
1 0.113858
10 0.13823
7 0.113072
11 0.174635
4 0.0903347
11 0.161026
4 0.125748
11 0.142597
2 0.119711
1 0.138374
11 0.168879
2 0.113302
1 0.138659
11 0.197314
4 0.0757522
11 0.201622
2 0.123441
11 0.15548
10 0.143202
7 0.118878
11 0.098214
4 0.0695176
11 0.160474
4 0.077793
11 0.112304
4 0.0609452
11 0.095148
4 0.112211
11 0.120795
12 0.069712
11 0.161122
12 0.148499
11 0.142488
12 0.0299408
1 0.0992084
12 0.0781956
1 0.128309
12 0.0957828
11 0.138226
12 0.0755324
11 0.139142
12 0.104744
11 0.140831
12 0.119094
11 0.157112
12 0.110025
11 0.166438
12 0.133099
10 0.114204
0 0.157757
11 0.107353
12 0.125866
10 0.119726
0 0.149258
10 0.12134
0 0.13283
10 0.100867
0 0.11415
10 0.0972148
0 0.0954342
10 0.100179
0 0.0916008
11 0.067768
12 0.124037
11 0.10164
0 0.120037
11 0.0717791
0 0.107801
11 0.0683373
0 0.122829
11 0.0779919
0 0.102276
11 0.0591618
4 0.0867017
10 0.129849
7 0.0923015
2 0.0358073
7 0.11724
2 0.03193
7 0.0250773
2 0.0964144
1 0.131001
12 0.108732
1 0.061102
12 0.161356
1 0.10459
10 0.0656832
0 0.144071
10 0.113026
0 0.116475
10 0.0556255
0 0.0859184
2 0.165785
0 0.127039
2 0.083712
4 0.111165
2 0.127032
4 0.106538
2 0.0632264
4 0.11266
2 0.0682203
4 0.116494
2 0.0576001
7 0.126761
11 0.128686
0 0.0376198
10 0.0803908
0 0.0907729
10 0.118208
4 0.133564
11 0.0589096
12 0.11284
11 0.115347
12 0.0953591
11 0.12791
12 0.0888525
11 0.128495
12 0.0631713
1 0.121374
12 0.0988946
11 0.117001
12 0.113556
11 0.134823
12 0.0888576
11 0.117218
12 0.0521009
11 0.254678
11 0.0890075
4 0.143731
6 0.0538081
11 0.0912559
4 0.103292
11 0.131064
12 0.108579
11 0.120857
12 0.0859148
11 0.127009
12 0.214179
6 0.302562
6 0.115452
6 0.115448
6 0.115441
14 0.395983
14 0.211148
14 0.104592
14 0.149366
14 0.11134
14 0.0826031
14 0.147175
14 0.146817
13 0.284382
13 0.0489794
3 0.221002
10 0.260249
13 0.0853035
13 0.0846782
13 0.0827003
3 0.462697
7 0.270181
13 0.28684
13 0.0852013
13 0.0839244
9 0.435519
0 0.223791
9 0.352711
13 0.0398951
13 0.0869282
3 0.0931431
1 0.0927357
2 0.166711
1 0.0799053
10 0.158833
7 0.0803968
10 0.109421
7 0.100831
10 0.11725
4 0.122651
10 0.117143
0 0.118969
11 0.0503189
0 0.127259
11 0.0631102
4 0.130408
11 0.0799374
4 0.138635
1 0.0844602
2 0.101509
1 0.0715218
2 0.0510415
1 0.10328
2 0.0584163
7 0.0705018
10 0.132412
7 0.107532
10 0.0547436
4 0.0970028
10 0.0791816
4 0.118403
10 0.0756357
4 0.0955165
2 0.0643911
7 0.0847246
2 0.10134
7 0.0527879
2 0.167192
7 0.101899
2 0.184986
7 0.122962
2 0.287612
7 0.116214
11 0.132116
9 0.223596
4 0.107179
10 0.162512
4 0.183853
6 0.0659329
11 0.0804787
7 0.159075
1 0.119567
11 0.0767942
4 0.11448
11 0.105652
4 0.122092
11 0.097913
4 0.091449
11 0.0997399
2 0.154094
1 0.11433
11 0.0703423
4 0.0844867
11 0.0908997
4 0.0747174
11 0.170651
2 0.0988341
1 0.155823
2 0.0948598
1 0.116045
11 0.179784
4 0.0821263
6 0.0965472
11 0.148151
11 0.137163
4 0.0792276
11 0.18516
2 0.142777
1 0.15603
11 0.137322
4 0.146453
11 0.122006
4 0.0791966
11 0.140287
4 0.081431
11 0.128823
4 0.103698
11 0.114837
4 0.0739071
11 0.0836247
2 0.0986984
1 0.129227
2 0.0718858
7 0.0861976
12 0.128819
1 0.137723
2 0.0714926
7 0.0860583
2 0.0913742
7 0.0749871
2 0.0505267
7 0.0604757
2 0.102242
7 0.0638316
2 0.123564
7 0.04967
12 0.178657
7 0.107591
12 0.130549
1 0.0736666
12 0.110245
1 0.0599089
12 0.0782028
1 0.0445906
12 0.175927
1 0.0735602
12 0.0903388
1 0.0722317
12 0.0848363
1 0.0543418
12 0.107437
1 0.031225
12 0.0973895
1 0.0387772
12 0.126231
1 0.0290749
2 0.160557
1 0.0834745
2 0.0977306
1 0.0674554
2 0.128122
1 0.0722737
2 0.110609
1 0.0635887
2 0.129489
1 0.0673139
4 0.0921293
11 0.0955402
4 0.104681
11 0.110071
0 0.0536775
11 0.100772
0 0.106445
10 0.144092
0 0.0734357
10 0.0911295
0 0.0953034
10 0.0963976
0 0.10125
11 0.0917313
12 0.0981415
1 0.124918
12 0.0624756
1 0.0871203
12 0.0728334
1 0.130617
12 0.165854
10 0.159069
12 0.183685
11 0.164728
12 0.16847
10 0.165591
12 0.187498
11 0.17006
12 0.156062
10 0.141394
12 0.163219
11 0.111417
2 0.195657
1 0.0429729
12 0.0284814
1 0.105158
12 0.080962
11 0.122008
2 0.160529
1 0.0816419
2 0.0489429
2 0.174027
11 1.06672
8 0.16774
8 0.220379
8 0.0693626
8 0.0697872
8 0.056267
5 0.111739
5 0.110193
5 0.088603
5 0.121516
5 0.0910844
5 0.0984136
5 0.0887464
5 0.0604295
5 0.151681
5 0.156501
5 0.0621093
5 0.240111
5 0.108303
5 0.252806
5 0.119255
5 0.174954
5 0.113408
5 0.103948
5 0.224342
5 0.12701
5 0.151529
5 0.077679
5 0.0582176
5 0.158163
5 0.0575998
5 0.147219
5 0.143377
5 0.0448192
5 0.188948
5 0.0605183
5 0.0539905
5 0.0347862
5 0.0419471
5 0.118165
5 0.130163
5 0.143095
5 0.0584533
5 0.0799001
5 0.223985
5 0.0581738
5 0.22108
5 0.0620959
5 0.0583445
5 0.167109
5 0.0571483
5 0.0723258
5 0.206031
5 0.055702
5 0.0566942
5 0.110463
5 0.0622779
5 0.195293
8 0.183151
8 0.180328
8 0.0693972
8 0.0682524
8 0.104001
5 0.0904784
5 0.105465
5 0.0894788
5 0.101688
5 0.109354
5 0.0985935
5 0.0878614
5 0.0507763
5 0.162311
5 0.0661462
5 0.046692
5 0.210204
5 0.0826899
5 0.246459
5 0.0888789
5 0.206072
5 0.161436
5 0.101801
5 0.222613
5 0.144165
5 0.201677
5 0.0694109
5 0.0934107
5 0.150563
5 0.0580953
5 0.159124
5 0.0809048
5 0.0432882
5 0.17853
5 0.0611875
5 0.0686082
5 0.0513162
5 0.052168
5 0.13771
5 0.140135
5 0.143776
5 0.0559478
5 0.0892629
5 0.223563
5 0.0580361
5 0.221435
5 0.0625435
5 0.0684492
5 0.162552
5 0.0554968
5 0.0555131
5 0.184695
5 0.0548886
5 0.0530148
5 0.117897
5 0.0648923
5 0.179407
8 0.226908
8 0.151764
8 0.0694792
8 0.0658217
8 0.129111
5 0.103575
5 0.0950744
5 0.0831656
