0 0.24789
0 0.257845
0 0.20874
0 0.298844
0 0.456164
0 0.842822
4 0.604472
4 0.612819
4 0.60761
4 0.58834
4 0.610179
4 0.617955
4 0.597361
4 0.62072
0 0.499333
0 0.706901
0 1.07281
0 0.926066
0 0.53983
0 0.404617
0 0.623744
0 0.581779
0 0.716348
0 0.315137
0 0.376512
0 0.376512
0 0.376518
0 0.376509
0 0.376509
0 0.318694
6 0.241616
6 0.0484453
6 0.0486126
6 0.0485998
6 0.0490195
6 0.0488611
6 0.0488537
6 0.0469725
6 0.0477314
6 0.0468967
6 0.047501
6 0.0472125
6 0.047574
6 0.0474035
6 0.0472569
6 0.0468369
6 0.0472524
6 0.047123
6 0.0462649
6 0.0468471
6 0.047048
6 0.0467734
6 0.0471823
6 0.0471694
6 0.047014
6 0.0469724
6 0.0467438
6 0.0467903
5 0.0745856
5 0.0352032
5 0.0272267
5 0.0304579
5 0.0300436
5 0.0308806
5 0.012424
5 0.0206717
5 0.0357983
5 0.0350511
5 0.0334872
5 0.0192791
5 0.0388755
5 0.0347367
5 0.0344244
5 0.0346935
5 0.0347673
5 0.0416967
5 0.0663497
5 0.0574777
5 0.0343443
5 0.0346553
5 0.0261039
5 0.066355
5 0.0669304
5 0.0306168
5 0.0347571
5 0.0393251
5 0.0341887
5 0.0345384
5 0.0341579
5 0.0339908
5 0.0344291
5 0.0342069
5 0.0259617
5 0.0141578
5 0.0389958
5 0.542922
0 0.581683
0 0.541291
0 0.781183
0 0.779217
0 0.533472
0 0.453567
0 0.576029
0 0.379909
0 0.420384
0 0.499238
0 0.376343
0 0.282594
0 0.377774
6 0.730179
6 0.721721
6 0.603703
0 0.485628
0 0.464259
4 0.22542
4 0.196908
4 0.321521
1 0.068778
4 0.30017
4 0.20954
1 0.25628
1 0.196597
4 0.150667
4 0.152015
4 0.148135
4 0.175733
4 0.240122
1 0.149071
1 0.114019
1 0.0862671
1 0.0267707
1 0.0307673
1 0.0245181
1 0.114809
1 0.111104
2 0.108062
1 0.151787
1 0.0363117
1 0.0205726
1 0.0485717
2 0.0190995
1 0.0764334
1 0.0356609
1 0.0109122
2 0.102051
2 0.113992
1 0.0745058
1 0.0566257
1 0.0787572
2 0.0924502
4 0.275703
4 0.221655
1 0.26724
1 0.117539
2 0.123993
1 0.069379
2 0.0400971
1 0.0667234
1 0.0427346
2 0.108703
1 0.0197671
1 0.0622954
2 0.117902
1 0.0736776
1 0.0348071
1 0.0472301
2 0.102422
1 0.0515645
4 0.15678
4 0.29376
1 0.188178
4 0.206195
1 0.0398539
1 0.018597
2 0.0984983
1 0.0500609
2 0.0959759
1 0.0712617
2 0.149114
2 0.0469598
1 0.114009
2 0.113252
1 0.144353
1 0.119833
2 0.115688
1 0.175936
2 0.0953962
2 0.167972
2 0.120981
2 0.130789
2 0.108833
2 0.0936021
2 0.0951965
1 0.166593
2 0.11914
4 0.600651
7 0.0849538
7 0.0535624
7 0.040317
7 0.00459983
7 0.042144
7 0.012868
0 0.732149
0 0.712474
0 0.623748
0 0.607676
0 0.709186
0 0.315265
0 0.387044
0 0.389435
0 0.38706
0 0.386202
0 0.391836
0 0.394349
0 0.386217
0 0.424898
6 0.0487041
6 0.0485084
6 0.0476317
6 0.0491273
6 0.0485578
6 0.0491354
6 0.0484344
6 0.0478081
6 0.0477462
6 0.046905
6 0.0474407
6 0.0468915
6 0.0470149
6 0.0471771
6 0.0473482
6 0.0467314
6 0.0473606
6 0.0471592
6 0.0469702
6 0.04682
6 0.0470324
6 0.0468822
6 0.0467364
6 0.0466298
6 0.047093
6 0.0468677
6 0.0467763
6 0.167453
3 0.00229573
3 0.00233952
3 0.0023527
3 0.00233782
3 0.00230621
3 0.00240738
3 0.00228193
3 0.00225497
3 0.00243479
3 0.00232788
3 0.00227212
3 0.00245575
3 0.0023493
3 0.0022287
3 0.00247713
3 0.00227253
3 0.00227361
3 0.00258283
3 0.00212728
3 0.00246884
3 0.00240717
3 0.000822788
3 0.00259092
3 0.00256531
3 0.00245397
3 0.00226927
3 0.000813312
3 0.00257928
3 0.00255456
3 0.00247168
3 0.00245716
3 0.00240988
3 0.00438547
3 0.00259452
3 0.0024761
3 0.00248787
3 0.00250274
3 0.000760901
3 0.00256562
3 0.00211762
3 0.00249136
3 0.00244135
3 0.000804966
3 0.00258554
3 0.00257397
3 0.00223105
3 0.00240796
3 0.000812837
3 0.00251712
3 0.00251554
3 0.0024465
3 0.00243182
3 0.0044452
3 0.00251086
3 0.00252978
3 0.00244171
3 0.00244828
3 0.00242383
3 0.000759775
3 0.00199906
3 0.00266273
3 0.00262338
3 0.00260274
3 0.000672093
3 0.0025307
3 0.00253251
3 0.00219732
3 0.00246964
3 0.000733068
3 0.00443035
3 0.00453241
3 0.00246814
3 0.00231383
3 0.00449191
3 0.00241728
3 0.00447056
3 0.00230699
3 0.00469111
3 0.00236361
3 0.00846227
3 0.00249407
3 0.00259476
3 0.00254749
3 0.00252028
3 0.00247357
3 0.00248787
3 0.00218346
3 0.00245541
3 0.00255611
3 0.00259909
3 0.00257311
3 0.00250907
3 0.0025285
3 0.00220047
3 0.00240882
3 0.00250509
3 0.00244357
3 0.00241723
3 0.0023305
3 0.00233161
3 0.00245815
3 0.00239297
3 0.00238761
3 0.00246132
3 0.00233835
3 0.00232554
3 0.00235913
3 0.00233928
3 0.00244369
3 0.00247079
3 0.00236373
3 0.00237348
3 0.00248054
3 0.00242545
3 0.00468443
3 0.00472792
3 0.00472869
3 0.00452025
3 0.00469506
3 0.00480065
3 0.015626
3 0.00483998
3 0.00475722
3 0.00229741
3 0.00226529
3 0.00227548
3 0.00238424
3 0.00251196
3 0.00226459
3 0.00237356
3 0.00224157
3 0.00223909
3 0.0024136
3 0.00242151
3 0.00226179
3 0.0022568
3 0.00232466
3 0.00233426
3 0.0024652
3 0.00243398
3 0.00240578
3 0.0022663
3 0.00226526
3 0.00231408
3 0.00233692
3 0.00246974
3 0.00246859
3 0.00243639
3 0.00230471
3 0.00229029
3 0.00228545
3 0.00225526
3 0.00252494
3 0.00139783
3 0.00118738
3 0.00233569
3 0.00236659
3 0.00235307
3 0.00236031
3 0.00240403
3 0.00234488
3 0.00232585
3 0.00225779
3 0.0022603
3 0.00232115
3 0.00233423
3 0.00246261
3 0.00234598
3 0.0023132
3 0.00226022
3 0.00226859
3 0.00232034
3 0.00233437
3 0.00247205
3 0.00223744
3 0.00233428
3 0.00230817
3 0.00230232
3 0.00230618
3 0.0023524
3 0.00225057
3 0.00232657
3 0.0023262
3 0.0023425
3 0.00238455
3 0.0023618
3 0.00237001
3 0.00227073
3 0.00238982
3 0.00239034
3 0.0023582
3 0.00472408
3 0.00471823
3 0.00472202
3 0.0159964
3 0.00464904
3 0.00470124
3 0.00445179
3 0.00467362
3 0.00464787
3 0.00470053
3 0.0159454
3 0.00470148
3 0.00468646
3 0.00444858
3 0.00453722
3 0.00452202
3 0.0046706
3 0.0157566
3 0.00473022
3 0.00468445
3 0.00437278
3 0.00464787
3 0.00462117
3 0.00470323
3 0.0156284
3 0.00464554
3 0.00462952
3 0.00454177
3 0.00233997
3 0.0023116
3 0.00234471
3 0.00256605
3 0.00232337
3 0.0023587
3 0.00242073
3 0.00239465
3 0.00236805
3 0.00235123
3 0.00248691
3 0.0023386
3 0.00235107
3 0.00243035
3 0.00240395
3 0.0023629
3 0.00241508
3 0.00233412
3 0.00232795
3 0.00236844
3 0.00248553
3 0.00228753
3 0.00232927
3 0.00241743
3 0.00232169
3 0.00231489
3 0.0023226
3 0.00237949
3 0.00448088
3 0.00469266
3 0.0157718
3 0.00467651
3 0.00472573
3 0.00475617
3 0.00474508
3 0.00447222
3 0.00466482
3 0.0156547
3 0.00477926
3 0.0047501
3 0.00478261
3 0.00479707
3 0.00441813
3 0.00468531
3 0.0157118
3 0.0047442
3 0.00482373
3 0.00478224
3 0.00475801
3 0.00447641
3 0.00471037
3 0.0157953
3 0.00487372
3 0.00465539
3 0.00472062
3 0.00469927
3 0.00478277
3 0.00483771
3 0.0159432
3 0.00467459
3 0.00464467
3 0.00247193
3 0.00229236
3 0.00236177
3 0.00235201
3 0.00237839
3 0.00235221
3 0.00236757
3 0.00251122
3 0.00235041
3 0.00230712
3 0.0023353
3 0.00242407
3 0.00235744
3 0.00236153
3 0.00248304
3 0.00235953
3 0.00234963
3 0.00241988
3 0.00233208
3 0.00232586
3 0.00235076
3 0.00249109
3 0.00238063
3 0.00237316
3 0.00249645
3 0.00241241
3 0.00235101
3 0.00233995
3 0.0022994
3 0.00224662
3 0.00230929
3 0.00247236
3 0.00231188
3 0.0024197
3 0.00232143
3 0.00231863
3 0.00231031
3 0.00231044
3 0.0024268
3 0.0024214
3 0.00246426
3 0.0023381
3 0.00231421
3 0.00231769
3 0.00250316
3 0.00231392
3 0.00239208
3 0.00233475
3 0.00233564
3 0.00232114
3 0.0022946
3 0.00252257
3 0.00229149
3 0.00239965
3 0.00243503
3 0.00232789
3 0.00232206
3 0.00226007
3 0.00247638
3 0.00230585
3 0.00230167
3 0.00227731
3 0.00223174
3 0.00229284
3 0.00250674
3 0.00230136
3 0.00243391
3 0.00230834
3 0.00229616
3 0.00229323
3 0.00229199
3 0.00248472
3 0.00239377
3 0.0024603
3 0.0023322
3 0.00231255
3 0.00230826
3 0.0022837
3 0.00247399
3 0.00235475
3 0.00240236
3 0.00231834
3 0.00232336
3 0.00231199
3 0.00227644
3 0.00250674
3 0.00237599
3 0.00242741
3 0.00232372
3 0.00232337
3 0.00226747
3 0.00248501
3 0.00230226
3 0.00230341
3 0.00218083
3 0.00221814
3 0.00229142
3 0.00226011
3 0.00248042
3 0.00441817
3 0.00470364
3 0.0046436
3 0.00436937
3 0.00464772
3 0.00472909
3 0.0154032
3 0.00476119
3 0.00477776
3 0.00238786
3 0.00228479
3 0.00231841
3 0.00239658
3 0.00245304
3 0.00228141
3 0.00244608
3 0.00228486
3 0.00228948
3 0.00233657
3 0.00225625
3 0.00238922
3 0.00232331
3 0.0022876
3 0.00228118
3 0.0024304
3 0.0021825
3 0.00239683
3 0.00226049
3 0.00221765
3 0.00238262
3 0.0023014
3 0.0022876
3 0.00225679
3 0.002427
3 0.252234
0 0.581739
0 0.5881
0 0.77847
0 0.782615
0 0.538828
0 0.371022
0 0.609278
0 0.450334
0 0.368911
0 0.443399
0 0.418771
0 0.308666
0 0.413805
6 0.575201
6 0.731958
6 0.681798
0 0.485602
0 0.393918
4 0.365384
4 0.204575
4 0.260509
1 0.174256
4 0.151283
4 0.250004
4 0.269354
1 0.0769513
4 0.156544
4 0.148332
4 0.142782
4 0.152453
4 0.223643
4 0.292623
1 0.117812
1 0.0890967
1 0.0562961
1 0.0307752
1 0.0247669
1 0.115157
2 0.12632
1 0.121019
1 0.05131
1 0.047998
1 0.0216977
2 0.0419528
2 0.145875
1 0.0406601
1 0.0304936
1 0.0100702
2 0.110848
1 0.0627077
1 0.0317993
1 0.059566
2 0.106241
1 0.127739
4 0.214417
4 0.344799
1 0.154882
1 0.120762
2 0.16394
1 0.0552471
2 0.125794
1 0.0494937
1 0.0382702
2 0.117256
1 0.0403326
2 0.0476678
1 0.106327
1 0.0791498
1 0.035474
2 0.129801
1 0.0341212
1 0.0461573
1 0.218251
4 0.41787
4 0.25772
1 0.154213
4 0.282539
1 0.133683
2 0.105653
1 0.0400171
2 0.111377
1 0.0651436
2 0.0934563
1 0.0911728
1 0.0880836
2 0.108985
1 0.1403
2 0.0993771
1 0.155379
1 0.157045
2 0.116117
2 0.154919
2 0.151177
2 0.0365801
2 0.0197953
2 0.10691
2 0.0915947
2 0.080407
1 0.191668
1 0.483176
7 0.209083
7 0.0361925
7 0.0365517
7 0.00851947
7 0.043401
7 0.0392359
0 0.822923
0 0.717408
0 0.623765
0 0.62373
0 0.646626
0 0.457824
0 0.389221
0 0.383375
0 0.386589
0 0.391097
0 0.398097
0 0.39889
0 0.396437
0 0.292893
6 0.293938
6 0.0485501
6 0.048538
6 0.0484447
6 0.0490775
6 0.0489707
6 0.0488139
6 0.0470623
6 0.0476021
6 0.0470298
6 0.0474619
6 0.0472681
6 0.0474896
6 0.0474527
6 0.0472657
6 0.0468321
6 0.0472539
6 0.0467123
6 0.0466415
6 0.046833
6 0.0470554
6 0.0467782
6 0.0471668
6 0.047178
6 0.0469432
6 0.0470111
6 0.0467733
6 0.046813
3 0.128943
3 0.000890124
3 0.00226663
3 0.0023363
3 0.00230726
3 0.00228199
3 0.00238972
3 0.00252297
3 0.00243352
3 0.00232886
3 0.00235868
3 0.00245602
3 0.00233807
3 0.00232389
3 0.00231161
3 0.00227326
3 0.00227261
3 0.00258256
3 0.00259156
3 0.00246809
3 0.00246911
3 0.00457356
3 0.0025921
3 0.00256454
3 0.0024567
3 0.00243951
3 0.00240621
3 0.00438615
3 0.00255372
3 0.00247286
3 0.00245438
3 0.00241189
3 0.000806274
3 0.00257236
3 0.00212212
3 0.00248865
3 0.00250214
3 0.000762435
3 0.00256477
3 0.00259506
3 0.00247985
3 0.00221009
3 0.000806603
3 0.00258559
3 0.00257148
3 0.00245018
3 0.00245368
3 0.00240831
3 0.00445147
3 0.0025156
3 0.00244733
3 0.00243174
3 0.00241643
3 0.000748457
3 0.00213756
3 0.00244152
3 0.00244688
3 0.00242404
3 0.000759942
3 0.002663
3 0.00262845
3 0.0020022
3 0.00260061
3 0.000674536
3 0.00253063
3 0.00244837
3 0.00247651
3 0.00247157
3 0.0042873
3 0.00443041
3 0.00453235
3 0.00246713
3 0.00240889
3 0.00237976
3 0.00449199
3 0.00860556
3 0.00230763
3 0.00469025
3 0.00236173
3 0.00455337
3 0.00254915
3 0.00206112
3 0.00254751
3 0.00251944
3 0.00247269
3 0.00249068
3 0.00244319
3 0.00252749
3 0.00215787
3 0.00259888
3 0.00257433
3 0.00250684
3 0.00252987
3 0.00246414
3 0.00248252
3 0.00222382
3 0.00244547
3 0.00241734
3 0.00233
3 0.00233788
3 0.00242747
3 0.00245982
3 0.00232284
3 0.00246305
3 0.00233714
3 0.00232748
3 0.00240486
3 0.00232735
3 0.00232174
3 0.00247205
3 0.00236529
3 0.00228529
3 0.00248001
3 0.00231951
3 0.00233206
3 0.0156711
3 0.00472863
3 0.0045202
3 0.00469355
3 0.00480084
3 0.00481138
3 0.0044825
3 0.0159256
3 0.00229916
3 0.00226541
3 0.00227493
3 0.0023813
3 0.00230126
3 0.00225174
3 0.00243658
3 0.00224135
3 0.00223852
3 0.00241134
3 0.00233691
3 0.00232006
3 0.00226151
3 0.00248536
3 0.00233643
3 0.00246353
3 0.00243487
3 0.00234551
3 0.00224066
3 0.00246258
3 0.00231451
3 0.00224746
3 0.0024697
3 0.00247083
3 0.00234045
3 0.00229591
3 0.00247244
3 0.00228393
3 0.00234108
3 0.00252802
3 0.00227512
3 0.00230336
3 0.00231617
3 0.00238375
3 0.00235485
3 0.00236045
3 0.00240191
3 0.00241626
3 0.00233359
3 0.00248136
3 0.00226
3 0.00232082
3 0.0023355
3 0.00246132
3 0.00240429
3 0.00234434
3 0.00249159
3 0.00226788
3 0.00231812
3 0.00233592
3 0.00247058
3 0.00249291
3 0.00240968
3 0.0024423
3 0.00230092
3 0.0023061
3 0.00235414
3 0.00253682
3 0.0023497
3 0.002325
3 0.00241852
3 0.00238298
3 0.00236458
3 0.00236779
3 0.00233322
3 0.00243745
3 0.00229912
3 0.00232338
3 0.00465388
3 0.00471603
