3 0.364622
3 0.357954
3 0.193469
3 0.323253
3 0.314946
3 0.359869
3 0.51776
12 0.350767
13 0.683575
12 0.604259
7 0.410177
3 0.326179
5 0.279302
8 0.25152
5 0.287515
6 0.286524
6 0.257369
13 0.361271
13 0.151284
13 0.0830812
13 0.0646616
11 0.0534987
13 0.0509648
11 0.0602694
13 0.0816448
11 0.129621
11 0.185285
11 0.155129
11 0.0620004
11 0.0549459
13 0.118025
13 0.0535819
11 0.0609814
11 0.131148
13 0.0841985
11 0.142638
11 0.169518
1 0.123281
11 0.08798
11 0.0622135
11 0.0488338
11 0.0607067
13 0.143812
13 0.178497
13 0.160689
13 0.153334
13 0.12023
13 0.14534
13 0.121626
13 0.144024
11 0.0995082
11 0.127543
11 0.0743065
11 0.0781031
13 0.106642
13 0.0256434
11 0.0687191
11 0.0857409
11 0.115831
11 0.122163
11 0.157234
13 0.144657
11 0.07696
1 0.0698833
13 0.0860072
11 0.0613555
1 0.0908076
11 0.0606897
11 0.0842306
11 0.0880863
13 0.118381
11 0.0565504
11 0.0378116
11 0.0721436
13 0.117379
13 0.138313
13 0.159869
13 0.0419088
11 0.0776135
11 0.0780511
11 0.0819114
13 0.104334
11 0.146414
11 0.0729328
13 0.125398
13 0.157162
11 0.166487
1 0.0918531
11 0.0870298
11 0.0419837
11 0.0937092
11 0.0802804
1 0.0913222
13 0.086267
11 0.0887838
11 0.0557888
11 0.0508412
11 0.120503
11 0.0678848
11 0.0538835
11 0.0261031
11 0.134962
8 0.195616
8 0.169255
7 0.145563
5 0.218895
8 0.170772
8 0.107607
5 0.0554218
8 0.123834
5 0.0982459
5 0.12103
13 0.255351
13 0.178563
8 0.130686
8 0.0358952
5 0.0717372
8 0.129288
13 0.186965
8 0.135666
5 0.0917109
5 0.118102
8 0.107491
8 0.220453
8 0.25191
8 0.254248
8 0.26397
7 0.188568
0 0.225405
7 0.0686443
10 0.218777
9 0.319811
5 0.232551
5 0.0759008
5 0.169569
6 0.153265
5 0.110942
5 0.111143
5 0.141078
6 0.162576
6 0.129035
5 0.116117
8 0.216178
8 0.217826
5 0.0557664
5 0.0730174
8 0.130149
7 0.12576
6 0.161467
6 0.142023
5 0.0472175
8 0.180003
5 0.0590906
8 0.122959
7 0.158671
6 0.156743
6 0.138364
5 0.134704
8 0.18743
0 0.200004
7 0.274221
0 0.249399
0 0.183813
0 0.250512
0 0.0974477
0 0.108369
0 0.423348
7 0.176778
4 0.123766
7 0.0991238
7 0.143398
7 0.102161
7 0.110193
7 0.256472
0 0.49302
4 0.251789
5 0.132247
6 0.19328
11 0.166881
11 0.0208161
11 0.0654308
11 0.0434258
11 0.0734639
11 0.021118
13 0.0981351
11 0.0531934
11 0.0590202
11 0.0633398
11 0.109436
11 0.0650904
11 0.0831105
11 0.104601
11 0.102921
5 0.178977
5 0.0982248
8 0.154454
8 0.175904
7 0.0701525
6 0.105979
5 0.170076
5 0.150248
7 0.119156
7 0.263175
6 0.172966
11 0.0998696
5 0.257196
8 0.0876195
5 0.0684618
13 0.120429
13 0.129896
11 0.135088
13 0.133768
11 0.148207
13 0.166076
13 0.0614453
13 0.0803698
13 0.187116
13 0.158906
13 0.0535334
13 0.142851
11 0.144264
13 0.147037
8 0.192644
8 0.172827
8 0.21189
8 0.353371
4 0.193204
8 0.218349
8 0.207591
0 0.17883
0 0.307187
0 0.162568
0 0.156505
13 0.184785
8 0.158774
0 0.119787
8 0.148116
8 0.179567
13 0.180507
11 0.132877
11 0.0941119
11 0.134407
11 0.081662
13 0.124959
11 0.159951
11 0.082549
11 0.143144
11 0.136378
11 0.108568
13 0.19808
8 0.186778
8 0.164479
5 0.117901
8 0.12283
0 0.220906
0 0.0827317
11 0.0939405
5 0.248094
13 0.181226
13 0.242312
8 0.17752
13 0.143641
13 0.176756
11 0.123421
11 0.07147
11 0.15822
11 0.0695129
13 0.12141
11 0.155948
11 0.0813524
11 0.132177
11 0.144736
11 0.110831
8 0.188652
8 0.161444
8 0.122802
5 0.108052
8 0.143544
0 0.250797
0 0.137508
11 0.118236
5 0.243668
13 0.124883
8 0.193165
13 0.1902
13 0.209132
13 0.168623
8 0.161043
11 0.15172
1 0.150912
13 0.0852799
11 0.0439019
1 0.100496
11 0.0695371
11 0.117361
11 0.113084
11 0.132686
11 0.0536084
11 0.0577813
1 0.0968414
11 0.0716481
11 0.0628853
11 0.0512729
1 0.125116
11 0.114751
5 0.158299
5 0.0846683
8 0.11884
0 0.21602
4 0.126885
5 0.166448
5 0.0994714
5 0.155049
7 0.121122
7 0.26056
7 0.184578
1 0.117809
11 0.127464
7 0.18902
5 0.15064
11 0.179565
8 0.19503
0 0.188626
11 0.0656202
11 0.200082
5 0.264118
11 0.1109
5 0.237968
11 0.17133
11 0.112336
5 0.173872
5 0.22495
6 0.204475
6 0.0804589
9 0.201821
13 0.190287
11 0.0935496
1 0.1085
1 0.0569606
11 0.0869356
1 0.132173
1 0.134471
1 0.0413427
11 0.180523
11 0.100163
11 0.079517
1 0.119543
1 0.140797
1 0.070919
1 0.0920228
11 0.0726224
11 0.101549
1 0.118813
1 0.0549643
1 0.0424814
1 0.0853226
5 0.144722
6 0.0905461
6 0.128677
5 0.157531
7 0.109613
4 0.225226
9 0.335154
6 0.0737405
6 0.167566
6 0.0509986
6 0.162108
4 0.0837255
4 0.239667
10 0.347485
10 0.114389
1 0.0889691
1 0.0586761
1 0.0747921
10 0.169741
10 0.180246
6 0.142311
11 0.188112
11 0.202054
7 0.193149
4 0.162914
5 0.146359
11 0.111298
11 0.220491
6 0.160845
5 0.192805
11 0.113682
11 0.185745
6 0.171703
5 0.152169
1 0.0938254
1 0.0389535
1 0.0957723
6 0.161704
10 0.0966193
10 0.283593
1 0.209318
1 0.201416
1 0.132133
10 0.172064
9 0.178634
10 0.16932
9 0.285187
6 0.0863154
5 0.217263
6 0.216715
9 0.159041
13 0.179056
11 0.0809287
11 0.0776237
1 0.132646
1 0.132003
11 0.096326
11 0.159623
1 0.138367
1 0.0752942
5 0.198621
11 0.109806
11 0.0681416
11 0.0688206
1 0.114556
1 0.127106
1 0.0907563
1 0.0870331
1 0.0788419
11 0.101463
1 0.0928675
11 0.082433
1 0.145117
1 0.0837705
1 0.0737438
1 0.102238
5 0.147219
6 0.144856
7 0.199014
5 0.111076
6 0.152222
7 0.201171
4 0.263132
10 0.256091
6 0.183754
6 0.118374
6 0.108822
6 0.162596
6 0.116169
4 0.0887112
4 0.222975
4 0.283032
10 0.230843
1 0.0689367
1 0.0554963
1 0.0742084
1 0.183155
6 0.170714
10 0.203434
6 0.190388
11 0.207378
11 0.182085
7 0.216954
4 0.152016
5 0.155537
1 0.0862792
11 0.116687
5 0.227923
6 0.185726
5 0.176525
11 0.117137
11 0.117082
6 0.210127
5 0.205223
6 0.195704
1 0.0529528
1 0.0639724
1 0.109001
6 0.23879
10 0.106089
10 0.222768
1 0.188566
6 0.288941
9 0.204974
1 0.141196
1 0.138956
1 0.166526
1 0.11887
10 0.309715
9 0.365995
9 0.151235
10 0.0898079
10 0.288331
9 0.121389
9 0.172952
1 0.212958
1 0.146813
1 0.117735
10 0.212291
9 0.235575
1 0.234106
9 0.268387
9 0.378959
2 0.456996
2 0.537749
12 0.400102
5 0.318416
13 0.372174
5 0.258282
7 0.241723
6 0.309161
6 0.346489
13 0.193619
13 0.124238
13 0.0537107
11 0.043371
13 0.0911682
11 0.0698722
13 0.141595
13 0.147846
11 0.167184
1 0.116594
13 0.100547
11 0.0201824
13 0.126258
13 0.0936715
11 0.0577183
11 0.136732
11 0.0817528
13 0.156309
11 0.121453
1 0.0855006
13 0.081752
11 0.0713191
1 0.0858944
11 0.0562921
11 0.174272
13 0.19875
13 0.169293
13 0.16218
13 0.121445
13 0.138008
13 0.120222
13 0.137868
13 0.033073
11 0.0870995
11 0.0792298
11 0.0981472
13 0.122307
13 0.0582267
11 0.0354148
13 0.102571
11 0.0697157
11 0.0713341
13 0.135851
13 0.0719303
11 0.116379
1 0.0922938
11 0.141268
11 0.0163853
11 0.0619624
11 0.0392381
11 0.0571287
11 0.0425378
13 0.0856493
11 0.0530406
11 0.056015
11 0.0725682
13 0.0951241
13 0.151015
13 0.160986
13 0.0587797
11 0.0600407
13 0.130913
11 0.0999517
11 0.091514
13 0.16066
11 0.0917104
11 0.112431
13 0.140561
11 0.0737605
1 0.0993439
13 0.100895
11 0.0361908
11 0.119338
11 0.0506382
11 0.0635721
11 0.0655567
13 0.104055
11 0.05432
11 0.0615947
11 0.117644
11 0.128161
11 0.0795978
11 0.0617394
11 0.10444
8 0.273716
8 0.206032
0 0.190111
6 0.142928
8 0.149201
8 0.160456
5 0.0927289
8 0.126072
8 0.0665716
5 0.060139
8 0.192153
13 0.190573
8 0.121941
8 0.144151
5 0.0974729
8 0.12841
13 0.165906
8 0.0954392
8 0.044832
5 0.061226
8 0.161142
8 0.125997
8 0.262001
8 0.266523
8 0.302476
7 0.113341
8 0.237293
7 0.0970545
4 0.26037
6 0.289174
5 0.22854
5 0.156473
5 0.0726783
7 0.11798
6 0.0944796
5 0.154268
5 0.0871755
7 0.148979
6 0.0854343
6 0.154825
8 0.227306
13 0.205347
5 0.0941102
5 0.152792
5 0.0947585
5 0.127061
6 0.0723973
6 0.164076
5 0.0739288
8 0.182252
5 0.0564953
8 0.140721
5 0.136581
6 0.0657756
6 0.157373
5 0.106075
5 0.109468
0 0.196506
0 0.250232
7 0.259269
0 0.108142
0 0.235008
0 0.0719934
0 0.143909
0 0.459736
0 0.204805
4 0.127857
7 0.235521
4 0.13466
7 0.219422
7 0.140876
7 0.210149
0 0.476084
4 0.178876
5 0.140502
6 0.185978
11 0.163322
11 0.0515019
11 0.0872322
11 0.0410147
11 0.0523945
1 0.110712
13 0.0745093
11 0.0594688
11 0.0547547
11 0.0586767
11 0.0884944
11 0.0732163
11 0.0746361
11 0.0667879
11 0.103899
11 0.101943
5 0.148069
8 0.140479
8 0.233309
7 0.126804
6 0.113216
6 0.164856
5 0.146596
5 0.129991
0 0.332485
4 0.14789
11 0.104886
5 0.222414
8 0.126256
5 0.0758659
13 0.15965
13 0.0868568
5 0.182106
13 0.0914901
5 0.188803
13 0.121702
13 0.0468072
13 0.0954373
13 0.15508
13 0.186427
13 0.0336438
13 0.116682
11 0.178465
13 0.134049
8 0.201392
8 0.175041
8 0.202839
8 0.32237
7 0.133569
5 0.207428
8 0.196035
0 0.195347
0 0.199171
0 0.195182
0 0.212949
11 0.138967
8 0.22333
0 0.0891441
8 0.132944
8 0.212236
13 0.105738
11 0.110058
11 0.124079
11 0.0904157
11 0.08721
13 0.117858
11 0.15291
11 0.0959858
11 0.125604
11 0.18258
11 0.101774
13 0.124788
8 0.0996975
8 0.210397
5 0.176666
8 0.132635
8 0.174527
0 0.179931
11 0.0659762
11 0.20652
8 0.184601
13 0.194162
8 0.151203
13 0.116796
13 0.159393
11 0.128666
11 0.104101
11 0.109439
11 0.0856666
13 0.133743
11 0.149747
11 0.0925107
11 0.125345
11 0.15994
11 0.105293
13 0.16401
8 0.117275
8 0.173897
5 0.163601
8 0.146407
0 0.232594
0 0.0855726
11 0.0938142
5 0.242996
13 0.143086
8 0.231403
8 0.2095
13 0.205371
13 0.184165
8 0.135299
11 0.162826
1 0.181494
13 0.0964323
11 0.0491739
1 0.10642
11 0.0531076
11 0.0754308
11 0.0776467
13 0.104689
11 0.0519586
11 0.0680196
1 0.123351
11 0.120395
11 0.0794614
11 0.0834205
1 0.0979128
11 0.115327
5 0.102104
5 0.0744148
8 0.160799
8 0.185227
7 0.0621825
6 0.129848
6 0.164161
5 0.153166
5 0.151981
0 0.347659
7 0.199247
1 0.101077
11 0.105414
6 0.196125
5 0.104995
13 0.17541
8 0.155679
0 0.167964
11 0.061678
11 0.209144
5 0.20336
11 0.0849326
5 0.239812
5 0.214438
11 0.0875223
5 0.188637
5 0.167543
6 0.144461
6 0.139122
9 0.235565
11 0.21432
11 0.101781
1 0.130928
1 0.122049
11 0.0839481
11 0.122276
1 0.143535
1 0.0463149
11 0.203448
11 0.0936968
11 0.0786036
1 0.101516
1 0.143835
1 0.129459
1 0.0560131
11 0.0647266
11 0.1132
1 0.117495
1 0.0569046
1 0.0452177
1 0.077646
5 0.136663
6 0.0907677
6 0.14648
5 0.120797
7 0.0970066
6 0.233315
10 0.33173
6 0.170257
6 0.165113
6 0.0665711
6 0.134396
4 0.0590997
4 0.219374
10 0.325874
10 0.126684
1 0.0808421
1 0.0814675
1 0.0628054
10 0.186546
10 0.182923
6 0.138655
11 0.198724
11 0.219142
7 0.177499
4 0.154037
5 0.120119
11 0.109042
11 0.17529
6 0.159597
5 0.185559
11 0.12012
11 0.164528
6 0.167192
5 0.147668
1 0.119222
1 0.0403854
1 0.0887132
6 0.180389
10 0.0888905
10 0.275725
1 0.202734
1 0.201621
1 0.131161
10 0.194551
9 0.122177
10 0.207479
13 0.294362
6 0.081368
6 0.203021
6 0.20736
9 0.184563
13 0.189074
11 0.0755901
11 0.103229
1 0.141034
1 0.105407
11 0.0846861
1 0.126838
1 0.0939391
1 0.0831314
5 0.19179
11 0.106927
11 0.0685174
11 0.0742626
1 0.11104
11 0.115819
1 0.0584838
1 0.0711317
1 0.0890069
11 0.0757225
1 0.114425
11 0.0888952
1 0.136831
1 0.0656278
1 0.0706405
1 0.0950562
7 0.162616
6 0.130172
6 0.173855
5 0.118719
6 0.140476
0 0.203895
4 0.26926
10 0.279872
6 0.105129
6 0.165486
6 0.101238
6 0.150216
6 0.0997563
4 0.184126
4 0.246682
10 0.323684
10 0.13778
1 0.0625054
1 0.0513526
1 0.0868912
1 0.23067
10 0.131192
6 0.135998
6 0.177486
11 0.183453
11 0.208728
0 0.223227
4 0.198519
5 0.14588
1 0.108248
11 0.12504
5 0.182728
6 0.167553
11 0.185202
11 0.103764
1 0.159422
7 0.179628
5 0.221573
1 0.185659
1 0.0798983
1 0.0793984
1 0.108695
6 0.14929
10 0.214807
1 0.265484
1 0.206351
9 0.23493
9 0.237966
1 0.176836
1 0.121754
1 0.146055
1 0.206892
10 0.227302
9 0.293874
9 0.0958413
10 0.130396
10 0.264062
9 0.143654
9 0.178449
1 0.162563
1 0.128792
1 0.144945
10 0.138939
9 0.168094
10 0.217471
9 0.207773
9 0.300292
2 0.442892
12 0.500875
3 0.442034
2 0.354698
2 0.377939
2 0.54951
2 0.172865
12 0.799025
12 0.637468
2 0.354344
