13 0.102836
13 0.0911207
13 0.102601
15 0.13913
13 0.145896
13 0.138803
13 0.12756
12 0.0894092
15 0.132542
3 0.178341
13 0.110824
13 0.118296
10 0.151629
13 0.161226
10 0.79974
8 0.331817
9 0.49081
13 0.198615
0 0.0332699
0 0.0533032
0 0.0371961
0 0.0450162
0 0.184182
2 0.329242
13 0.126897
13 0.123241
13 0.214291
2 0.311494
5 0.238284
5 0.149549
13 0.159167
13 0.0712537
6 0.172483
15 0.113467
13 0.158216
2 0.240031
13 0.190056
3 0.12883
15 0.225312
12 0.164746
12 0.169101
13 0.188436
15 0.219278
6 0.228269
15 0.220347
7 0.030654
7 0.240055
7 0.134287
7 0.0735017
7 0.230272
4 0.278918
12 0.172815
6 0.228122
14 0.298929
14 0.0951289
14 0.242563
13 0.124298
13 0.0943797
13 0.146172
10 0.120588
9 0.268289
13 0.305443
13 0.0714014
13 0.110919
15 0.139051
10 0.228407
4 0.125247
15 0.0750743
4 0.249216
14 0.190282
13 0.173893
13 0.108169
10 0.111497
9 0.277402
13 0.159119
0 0.0293279
0 0.0343959
0 0.0186419
0 0.0256223
0 0.103524
10 0.0984214
13 0.100401
13 0.120708
13 0.130731
13 0.160066
13 0.0854051
13 0.125177
13 0.140218
13 0.165078
10 0.31944
12 0.16045
12 0.28987
13 0.238262
15 0.27388
6 0.184803
7 0.429498
13 0.178315
10 0.202805
3 0.273729
14 0.225944
13 0.289105
10 0.0738104
13 0.143188
13 0.0834879
12 0.12175
15 0.235137
10 0.2144
13 0.088925
12 0.143107
15 0.108577
10 0.177367
13 0.250011
13 0.0830173
12 0.117426
4 0.167922
3 0.164753
10 0.0869831
9 0.408025
0 0.2447
0 0.249488
13 0.101805
13 0.110856
12 0.130874
4 0.167173
4 0.173814
3 0.138042
10 0.0697933
12 0.114225
10 0.114679
13 0.205158
13 0.084312
12 0.123293
4 0.20125
3 0.151346
13 0.047318
10 0.0794143
15 0.150184
10 0.0924437
10 0.11232
9 0.375332
13 0.16372
0 0.0221172
0 0.0245993
0 0.0426595
2 0.102132
13 0.133757
13 0.142301
13 0.146859
2 0.11505
5 0.07448
10 0.153081
13 0.151369
6 0.155906
15 0.129137
13 0.146494
13 0.200127
12 0.143984
10 0.301839
13 0.209887
4 0.304097
4 0.21089
15 0.120777
15 0.171304
4 0.354582
7 0.140109
7 0.207004
15 0.229971
10 0.261705
14 0.164664
3 0.138783
12 0.117645
10 0.125477
13 0.214217
10 0.127516
13 0.132229
12 0.111505
12 0.144462
12 0.136833
12 0.124052
12 0.182933
12 0.154203
12 0.190398
12 0.146732
12 0.125293
12 0.151645
12 0.11016
13 0.167827
10 0.155947
4 0.219047
14 0.209375
13 0.0997753
1 0.122911
13 0.204404
8 0.249287
9 0.0966388
5 0.21594
0 0.045183
0 0.0385596
0 0.0621784
0 0.0427348
0 0.0353604
0 0.061124
2 0.0899448
11 0.184039
13 0.113001
13 0.161773
13 0.139485
2 0.0993035
2 0.186581
5 0.201281
5 0.110009
13 0.101311
6 0.171703
6 0.11906
1 0.0526012
13 0.142551
2 0.221994
2 0.223803
3 0.159025
13 0.185846
4 0.376199
4 0.234311
10 0.2136
10 0.166575
15 0.0840164
15 0.108961
15 0.211436
7 0.0249544
7 0.131864
7 0.0736484
4 0.202367
14 0.0539984
14 0.108146
12 0.141791
10 0.126907
13 0.124425
13 0.168708
13 0.116876
10 0.0955457
1 0.05375
13 0.267581
12 0.174517
8 0.304662
8 0.21459
8 0.310098
9 0.535194
5 0.353114
12 0.197909
0 0.0369723
0 0.0372016
0 0.0495628
0 0.06087
0 0.0423075
0 0.0457179
0 0.0648627
0 0.0329537
0 0.0373535
0 0.0402799
0 0.0661137
0 0.0435263
0 0.0454747
0 0.0535367
0 0.13334
1 0.13283
2 0.376293
11 0.141447
11 0.183809
11 0.0567691
11 0.0892777
2 0.329381
13 0.0933913
13 0.0947976
13 0.102618
12 0.107795
12 0.110765
12 0.121226
12 0.0644512
11 0.0513914
11 0.373879
5 0.196209
10 0.470119
5 0.155881
5 0.139153
5 0.147234
5 0.103925
13 0.131002
12 0.0840254
12 0.173912
12 0.181419
13 0.0973229
12 0.0876096
12 0.17445
12 0.18101
15 0.169136
6 0.259781
6 0.286167
6 0.160324
6 0.238433
6 0.165
6 0.152375
13 0.0932965
12 0.145349
12 0.177602
12 0.184053
12 0.180501
12 0.181881
12 0.158866
11 0.144897
11 0.240816
11 0.238379
13 0.138358
12 0.190778
3 0.220816
3 0.369197
1 0.057846
4 0.233544
4 0.239666
4 0.205927
3 0.408998
4 0.297575
13 0.257275
13 0.307372
6 0.282505
15 0.129708
15 0.160584
14 0.211373
4 0.378986
7 0.142912
7 0.268045
7 0.241622
7 0.293863
7 0.282856
7 0.0306944
7 0.0467635
7 0.266542
7 0.267465
7 0.250112
7 0.314925
7 0.283101
5 0.242416
12 0.197634
3 0.205631
6 0.405528
10 0.104232
14 0.273099
14 0.147465
14 0.37677
14 0.245282
13 0.124353
12 0.16296
12 0.103291
1 0.0183018
13 0.151175
13 0.103149
13 0.288576
13 0.159656
13 0.0701578
13 0.0867767
15 0.139007
10 0.217505
1 0.0381481
12 0.150817
15 0.160366
15 0.163446
3 0.145788
13 0.0690816
12 0.116077
15 0.108167
1 0.0171705
10 0.224286
9 0.230695
0 0.0128696
0 0.231363
13 0.131588
5 0.148305
13 0.0899387
15 0.151493
12 0.150643
4 0.0913903
15 0.0856344
4 0.209491
15 0.192735
3 0.164532
13 0.152562
13 0.193388
1 0.0530282
10 0.174379
12 0.193696
8 0.330173
9 0.169036
5 0.220265
0 0.0665773
0 0.0272846
0 0.0451749
0 0.0165085
0 0.0238083
0 0.0433456
2 0.314727
11 0.0473142
2 0.139562
12 0.144519
12 0.140949
12 0.0939104
13 0.134401
13 0.121607
13 0.246594
2 0.188492
10 0.508327
5 0.218702
5 0.157974
5 0.0887772
13 0.105633
13 0.0765454
6 0.229331
6 0.146872
6 0.16649
13 0.0891154
13 0.12674
1 0.0926899
10 0.298559
11 0.0681108
13 0.16026
3 0.293799
12 0.164542
4 0.266327
3 0.304024
4 0.283106
1 0.071089
10 0.176114
3 0.205961
15 0.146992
15 0.154929
4 0.265925
7 0.0647395
7 0.256269
7 0.0970211
7 0.0313315
7 0.245657
7 0.119011
12 0.176057
14 0.158362
14 0.26219
14 0.166421
3 0.149577
12 0.160301
13 0.196989
1 0.0518532
13 0.105789
9 0.375671
13 0.303755
13 0.185502
13 0.108684
15 0.134295
15 0.123998
12 0.13607
15 0.12942
4 0.257429
1 0.102525
10 0.290827
3 0.12416
13 0.113839
13 0.158679
8 0.405164
5 0.167959
0 0.0473934
0 0.0368628
0 0.0458231
0 0.0454365
0 0.0383062
0 0.185433
1 0.0507739
1 0.279437
2 0.229885
13 0.0992128
13 0.140444
10 0.31726
5 0.135273
5 0.0841475
13 0.135431
6 0.1412
15 0.178963
2 0.257076
3 0.200498
13 0.186031
4 0.460827
4 0.205157
15 0.207575
15 0.0789298
15 0.125116
4 0.370891
7 0.244903
4 0.276304
3 0.136701
14 0.0736546
3 0.13976
12 0.160321
13 0.158535
1 0.0552125
10 0.182257
9 0.190564
0 0.0271161
2 0.248998
13 0.105436
13 0.0821937
6 0.136624
13 0.164906
12 0.176579
15 0.131731
4 0.278079
14 0.151845
12 0.120466
13 0.122532
13 0.264797
13 0.325068
10 0.163438
1 0.0548274
1 0.172578
12 0.168215
13 0.221158
8 0.17601
8 0.170586
9 0.532145
5 0.228772
13 0.216356
0 0.284443
0 0.0528899
0 0.0430622
0 0.043034
0 0.0425787
0 0.0400506
0 0.042807
0 0.0487253
0 0.0553027
0 0.0764411
0 0.0472771
0 0.0521459
0 0.0468265
0 0.0429342
0 0.0429405
0 0.0451093
0 0.0412555
0 0.0453416
0 0.0537123
0 0.0693252
0 0.0706134
2 0.161073
11 0.0820502
11 0.191008
13 0.175944
13 0.125081
13 0.126778
13 0.121825
13 0.118342
2 0.286915
5 0.34321
5 0.388941
10 0.626346
5 0.188726
5 0.178858
5 0.180289
5 0.208846
5 0.236073
13 0.124212
13 0.0978741
15 0.179482
6 0.245079
6 0.110966
6 0.16598
13 0.146404
13 0.165183
2 0.174357
12 0.163498
3 0.134589
14 0.366767
1 0.0579911
10 0.137955
13 0.202222
13 0.189839
4 0.459236
4 0.647475
4 0.38782
4 0.264485
4 0.265052
4 0.303825
13 0.260081
6 0.234506
15 0.216673
15 0.207445
6 0.186713
14 0.147305
7 0.3733
7 0.137655
7 0.231893
7 0.213988
7 0.220839
7 0.192017
7 0.232574
7 0.201098
7 0.224683
7 0.224387
7 0.218485
7 0.0590071
12 0.180442
12 0.191866
6 0.363842
1 0.0535471
6 0.226012
14 0.0962344
14 0.0688946
14 0.480184
12 0.172482
12 0.14549
12 0.165032
12 0.134177
13 0.122608
1 0.168771
1 0.0534915
10 0.142368
8 0.209121
9 0.402566
0 0.129899
0 0.0358358
0 0.0545969
0 0.0488352
0 0.0365212
0 0.192227
11 0.18241
13 0.0912503
13 0.0681426
2 0.29985
5 0.182025
5 0.0736704
13 0.126855
6 0.117526
15 0.145181
12 0.276733
3 0.181472
4 0.245138
4 0.317209
4 0.308775
15 0.123613
15 0.0760598
15 0.185104
7 0.272818
7 0.424827
12 0.204989
14 0.129713
14 0.234831
12 0.159646
13 0.140423
1 0.0209041
1 0.0528486
9 0.413036
0 0.251493
0 0.286648
13 0.0921903
13 0.112198
12 0.147436
15 0.158186
3 0.165197
13 0.141945
13 0.171565
10 0.160131
1 0.053075
1 0.0328032
13 0.124154
8 0.214091
9 0.26441
5 0.234518
0 0.114951
0 0.0399721
0 0.0406361
0 0.0382652
0 0.0299508
0 0.0415646
0 0.0411956
0 0.0402272
0 0.0386833
0 0.169823
2 0.130117
2 0.12805
13 0.0877691
13 0.0833478
2 0.0997602
5 0.0816721
5 0.142985
13 0.0801237
13 0.125075
6 0.0851288
6 0.171378
2 0.197962
15 0.214936
12 0.21006
4 0.215957
4 0.242761
12 0.217108
15 0.0825153
15 0.181132
7 0.388918
7 0.16597
4 0.313324
14 0.122533
14 0.186356
12 0.117639
1 0.0503593
1 0.0588763
13 0.132707
13 0.169945
13 0.197047
13 0.134251
8 0.350017
8 0.455631
9 0.401243
13 0.209857
0 0.0403157
0 0.0412043
0 0.0420866
0 0.0392628
0 0.045747
0 0.0308824
0 0.0390595
0 0.0433536
0 0.0400123
0 0.0424521
0 0.23802
1 0.0388226
1 0.0546158
10 0.257301
2 0.248807
13 0.103308
13 0.0979543
13 0.212607
5 0.274539
5 0.140701
5 0.140157
13 0.0848999
13 0.105146
6 0.114219
6 0.140486
13 0.12377
2 0.114901
3 0.146819
13 0.191093
4 0.249379
4 0.249184
15 0.172759
15 0.125534
6 0.169634
7 0.270878
7 0.1091
7 0.0294244
3 0.238644
14 0.168607
12 0.11003
12 0.16015
13 0.100514
13 0.277574
1 0.187075
1 0.0523005
1 0.0662808
13 0.137127
8 0.305224
8 0.501679
9 0.398869
13 0.209609
0 0.041653
0 0.0418703
0 0.042463
0 0.0392971
0 0.045645
0 0.0247802
0 0.0413634
0 0.0440463
0 0.0410302
0 0.0408451
0 0.0560344
2 0.172137
2 0.209943
13 0.10301
13 0.0957232
13 0.155041
2 0.230722
5 0.109532
5 0.140212
13 0.13144
13 0.119216
6 0.13754
6 0.112446
15 0.167028
2 0.170842
3 0.141295
12 0.151961
4 0.241064
4 0.238471
13 0.287218
15 0.0856757
15 0.104672
15 0.206358
7 0.0918688
7 0.213004
7 0.335504
14 0.0640163
14 0.0618654
12 0.14924
10 0.136673
1 0.0526453
10 0.102294
13 0.10592
13 0.270479
13 0.136278
8 0.295663
9 0.504747
5 0.227461
0 0.226092
0 0.0378698
0 0.0390925
0 0.0378402
0 0.0448783
0 0.0342776
0 0.0407618
0 0.0404002
0 0.0385443
0 0.182019
2 0.126655
2 0.151954
13 0.0928748
13 0.0788182
2 0.102938
5 0.0994087
5 0.13405
10 0.121751
1 0.0515576
1 0.223779
13 0.199975
15 0.20754
6 0.119349
15 0.176047
2 0.0824181
3 0.12222
4 0.192017
4 0.244584
4 0.30152
15 0.106945
15 0.10744
15 0.268949
7 0.179029
7 0.28948
14 0.0903171
14 0.0529656
12 0.164617
13 0.127751
13 0.165873
10 0.227114
1 0.0521713
1 0.0517621
10 0.100204
9 0.494841
8 0.283058
9 0.398773
5 0.24405
0 0.111239
0 0.0409827
0 0.0426135
0 0.0391057
0 0.0437483
0 0.0205071
0 0.0417553
0 0.0435982
0 0.040372
0 0.0407554
0 0.199464
2 0.129732
2 0.112016
13 0.089042
13 0.102795
2 0.0979212
5 0.085081
5 0.139545
5 0.0952502
13 0.117052
6 0.200913
6 0.104534
15 0.16616
2 0.0927534
3 0.148957
13 0.19653
4 0.258334
4 0.25888
15 0.161687
15 0.084189
6 0.175205
7 0.303683
7 0.115288
7 0.125202
14 0.196749
14 0.207759
12 0.126672
12 0.139702
13 0.0817819
13 0.307886
1 0.0747433
1 0.0526049
1 0.0519178
13 0.162965
8 0.321197
8 0.416556
9 0.782978
5 0.228926
0 0.185764
0 0.0391299
0 0.0415571
0 0.0397459
0 0.0419761
0 0.0193292
0 0.0392472
0 0.0439032
0 0.0413901
0 0.0391115
0 0.0467284
2 0.189999
2 0.244889
13 0.101761
13 0.0953074
13 0.230638
5 0.262296
5 0.138104
5 0.13992
13 0.0829356
13 0.102953
6 0.126201
6 0.152709
13 0.115549
2 0.0990478
3 0.134397
4 0.196891
4 0.238339
4 0.239949
15 0.187605
15 0.123919
6 0.164644
7 0.195503
7 0.126767
7 0.071393
14 0.246841
14 0.182726
12 0.0882405
12 0.159095
10 0.104209
1 0.0523858
1 0.052175
10 0.216652
13 0.253534
0 0.0168774
13 0.18653
13 0.0783539
13 0.117703
15 0.154886
12 0.159226
4 0.101414
15 0.0846524
4 0.263404
3 0.203858
12 0.139458
13 0.0826861
9 0.2661
0 0.0188261
13 0.279918
13 0.0929206
5 0.106547
15 0.145706
12 0.171102
4 0.137239
15 0.142312
4 0.222949
15 0.227154
3 0.149918
1 0.0534888
1 0.0521478
10 0.099721
13 0.223369
0 0.151938
13 0.191767
13 0.0918688
13 0.11476
12 0.122763
4 0.120824
15 0.109336
15 0.210421
12 0.114785
13 0.0764951
12 0.0821258
15 0.125223
12 0.0966735
13 0.0564442
15 0.117873
12 0.1001
13 0.0758979
10 0.0597391
1 0.0521762
