4 0.222211
4 0.0328372
4 0.0439225
4 0.0352238
4 0.0434589
4 0.0228609
4 0.0393507
4 0.0201075
4 0.0248973
4 0.025384
4 0.00693578
4 0.00901904
4 0.00853191
4 0.0121078
4 0.0224322
4 0.0239622
4 0.0225303
4 0.00852332
4 0.0150581
4 0.00692099
4 0.00857423
4 0.0197189
4 0.117278
4 0.0958711
4 0.10063
4 0.0341333
4 0.0400671
4 0.0674531
4 0.00385967
4 0.0322654
4 0.0557239
4 0.0175493
4 0.0110792
4 0.0432207
4 0.0270908
4 0.0321855
4 0.0041836
4 0.0278111
4 0.0208877
4 0.0214578
4 0.0245435
4 0.006827
4 0.0294398
4 0.0385106
4 0.0193023
4 0.0261817
4 0.0248847
4 0.0318686
4 0.0297919
4 0.0198016
4 0.0306838
4 0.0255267
4 0.00809782
1 0.379358
3 0.160367
5 0.378752
5 0.116592
5 0.256692
5 0.25976
8 0.102833
8 0.120772
8 0.0902758
1 0.0850598
1 0.0771952
1 0.0282472
1 0.0600987
1 0.072943
1 0.0539783
1 0.039068
1 0.0610626
1 0.0650217
1 0.0192523
1 0.0338077
1 0.0506608
1 0.024346
1 0.0270941
1 0.046893
1 0.0190806
1 0.0222693
1 0.0405589
1 0.0180402
1 0.0520159
1 0.0321692
1 0.0338694
1 0.0815093
1 0.040423
1 0.0410658
1 0.0574927
1 0.025859
1 0.0266691
1 0.0339036
1 0.0393357
1 0.047366
1 0.0392228
1 0.0404737
1 0.0350879
1 0.043841
1 0.0391295
1 0.053827
1 0.0964234
1 0.0235802
1 0.0489268
1 0.0348558
1 0.0483706
1 0.0422927
1 0.0525568
1 0.0261354
1 0.0448316
1 0.0154869
1 0.0365472
1 0.0322743
1 0.0361415
1 0.0259575
1 0.0251318
1 0.0137764
1 0.0322543
1 0.0238276
1 0.0171898
1 0.0458774
1 0.0215117
1 0.0372982
1 0.0470864
1 0.0371133
1 0.0281882
1 0.0282759
1 0.0213815
1 0.0575266
1 0.0500169
1 0.0409541
1 0.0130318
1 0.0359859
1 0.0701698
1 0.0476787
1 0.0153828
1 0.0233448
1 0.0341539
1 0.0334936
1 0.0518035
1 0.0219391
1 0.0254228
1 0.0295694
1 0.0760964
3 0.143094
5 0.344045
5 0.108223
5 0.256696
3 0.233301
7 0.133244
7 0.056248
7 0.0655052
7 0.0802726
7 0.136592
2 0.0870619
0 0.147532
0 0.117806
0 0.12037
0 0.0608385
0 0.0345956
2 0.083245
0 0.083221
0 0.126234
0 0.0418408
0 0.0322404
0 0.0832808
0 0.0877267
0 0.0945222
6 0.0493163
0 0.0613308
8 0.0643103
0 0.0222252
0 0.0447736
0 0.0826477
0 0.0734365
0 0.0542351
8 0.0808529
0 0.061373
0 0.0380257
8 0.0977146
0 0.0779906
0 0.0494114
0 0.0651113
8 0.0834726
0 0.0433207
0 0.0444421
0 0.105683
6 0.0985849
0 0.0568567
0 0.066923
0 0.0650188
8 0.102619
0 0.0300167
0 0.0562714
0 0.064042
8 0.0547175
0 0.0577253
6 0.0841691
8 0.0846073
0 0.0837074
0 0.0513857
6 0.0894364
8 0.0753692
6 0.0607042
0 0.0724085
8 0.0724051
6 0.0841075
6 0.09646
6 0.115485
6 0.0802274
6 0.0971148
8 0.101899
6 0.0804916
6 0.0766188
8 0.0819933
0 0.0563894
6 0.0696511
0 0.0893705
8 0.100092
6 0.0559669
0 0.0702497
0 0.0960363
6 0.0580798
8 0.0951702
0 0.104935
6 0.0645773
8 0.0874781
0 0.0522766
0 0.0466481
8 0.0827293
0 0.0357804
0 0.0821762
0 0.08338
0 0.0332697
8 0.0647437
6 0.0727372
0 0.0641365
0 0.0810742
0 0.0253169
8 0.0758102
0 0.0391388
0 0.0423157
0 0.0552055
8 0.0565283
0 0.0112685
0 0.0348985
8 0.0755017
0 0.0195707
0 0.0981594
0 0.0784483
0 0.0340248
0 0.10435
0 0.0446697
0 0.0407327
8 0.0581614
0 0.0197969
0 0.0728012
0 0.063837
0 0.0348282
0 0.116052
0 0.0314172
0 0.042019
8 0.076706
6 0.0655664
0 0.0461175
0 0.0805259
0 0.0786874
0 0.0265171
0 0.0710715
0 0.0665198
0 0.0451303
0 0.0662567
0 0.0564943
0 0.0398278
0 0.068976
0 0.124059
0 0.0630974
0 0.078639
0 0.0612019
0 0.0736212
8 0.0924688
0 0.0414548
0 0.174004
0 0.110224
3 0.283948
2 0.0846898
6 0.118278
6 0.132344
2 0.104346
8 0.102212
8 0.0870844
8 0.0815876
8 0.033878
8 0.0579284
8 0.0680666
8 0.079444
8 0.0561665
8 0.0577929
8 0.0546171
8 0.0558636
8 0.0456998
8 0.0314919
8 0.0421663
8 0.063295
8 0.0788049
8 0.0621582
8 0.0215786
8 0.0321661
8 0.0475823
8 0.0450103
8 0.0503301
8 0.0309441
8 0.0396769
8 0.0262372
8 0.0315372
8 0.0311802
8 0.0282462
8 0.0700184
8 0.0519554
8 0.031686
8 0.0458412
8 0.0633426
8 0.0499326
8 0.0397707
8 0.0544168
8 0.0765924
8 0.0517569
8 0.0187883
8 0.0404277
8 0.0519407
8 0.0521172
8 0.0326621
8 0.0732939
8 0.0510385
8 0.0759996
8 0.0714222
8 0.0633715
8 0.103408
8 0.0512048
8 0.0550431
8 0.0895337
8 0.069576
8 0.0608468
0 0.144453
8 0.0629145
8 0.0377943
8 0.03822
8 0.0499475
8 0.0690202
8 0.098974
8 0.0256787
8 0.0674988
8 0.0454926
8 0.0394989
8 0.0453071
8 0.0436124
8 0.0561351
8 0.0210699
8 0.0655001
8 0.0235915
8 0.0916356
8 0.0594524
8 0.0318293
8 0.02854
8 0.0447535
8 0.0628323
8 0.0184385
8 0.0250069
8 0.0721299
8 0.0589952
8 0.0696574
8 0.08363
8 0.0514247
8 0.0809438
8 0.0194351
8 0.0436381
8 0.0737971
8 0.0409285
8 0.0533519
8 0.0618606
8 0.0615478
8 0.0276961
8 0.107392
8 0.0418939
8 0.101373
8 0.0713076
8 0.0379237
8 0.0549301
8 0.0584038
8 0.0382348
8 0.041843
8 0.0394002
8 0.0764418
8 0.11255
3 0.165267
5 0.3429
5 0.108193
5 0.256689
3 0.248275
7 0.100977
7 0.141891
7 0.123429
7 0.0973791
7 0.0747776
7 0.152631
7 0.129852
2 0.122043
2 0.11416
0 0.059763
2 0.0847506
0 0.0486493
2 0.0453976
2 0.098717
2 0.0828135
2 0.0878631
2 0.107916
2 0.0473747
2 0.0484853
6 0.0716099
2 0.0485971
2 0.0620545
2 0.0632005
2 0.0519909
2 0.0466251
6 0.0411577
0 0.0427518
2 0.0446099
2 0.0481605
2 0.0524907
2 0.0717114
6 0.0177589
0 0.0551559
6 0.0161535
6 0.0245428
2 0.0512853
6 0.0285947
0 0.0492956
2 0.0786245
0 0.0455505
6 0.0323225
6 0.0394299
0 0.0397321
0 0.0477006
6 0.0413435
6 0.0165667
6 0.100405
0 0.0536195
6 0.0207809
6 0.0294668
0 0.0717671
0 0.0511075
6 0.015344
6 0.0207253
2 0.0922215
0 0.0535705
6 0.0388283
6 0.0509621
6 0.059498
0 0.0599002
6 0.0435646
6 0.0516466
6 0.0813512
6 0.0440467
6 0.0476297
6 0.0255413
6 0.027472
6 0.0257662
6 0.0357509
6 0.0193088
6 0.0813635
6 0.0299479
6 0.0371526
6 0.037203
6 0.0594319
6 0.0385071
6 0.0572402
6 0.0387586
6 0.0672616
6 0.0528368
6 0.0492782
0 0.076487
6 0.058803
6 0.0848065
6 0.0467994
6 0.0125157
6 0.0847187
6 0.0548428
6 0.0255039
6 0.0291958
6 0.0383921
6 0.0538808
6 0.0363661
6 0.0367348
6 0.0809639
6 0.0454064
6 0.0384991
6 0.0265602
6 0.0278368
6 0.0425751
0 0.0432285
0 0.0397481
0 0.0445226
7 0.103213
0 0.05329
6 0.0432646
6 0.033872
6 0.046361
6 0.036334
0 0.0439852
0 0.0398907
0 0.100329
2 0.0370489
2 0.0389816
0 0.0520405
0 0.0473248
6 0.0271917
0 0.0557663
2 0.0484789
2 0.0685703
6 0.042937
0 0.0438481
0 0.0416194
0 0.0551749
0 0.0277227
6 0.0308519
2 0.0449944
2 0.0669434
6 0.0387252
0 0.0492779
2 0.0523776
2 0.0542302
0 0.041479
6 0.0263928
6 0.0436999
6 0.0594983
6 0.074475
0 0.0580321
2 0.0426094
2 0.0606323
0 0.0480266
0 0.0443111
6 0.0347719
6 0.0386579
6 0.0698794
0 0.0607323
0 0.0463178
2 0.0244594
6 0.0592179
6 0.0623168
2 0.0533146
2 0.0444786
6 0.0996903
6 0.0534605
0 0.0617492
2 0.0571007
2 0.0634931
6 0.0456964
2 0.0757738
2 0.0876498
6 0.188649
1 0.235354
4 0.00929676
4 0.048632
4 0.0464103
4 0.0444086
4 0.0456853
4 0.0439695
4 0.0418836
4 0.0453647
4 0.0467158
4 0.0344838
4 0.0392806
4 0.0375947
4 0.0305249
4 0.0364488
4 0.0128643
4 0.0347401
4 0.0221733
4 0.0108986
4 0.012585
4 0.0257097
4 0.0164368
4 0.0258042
4 0.0227328
4 0.0481678
4 0.0156261
4 0.00930187
4 0.0152295
4 0.0316938
4 0.0174793
4 0.100956
4 0.0776429
4 0.0716968
4 0.0528088
4 0.0216028
4 0.0253135
4 0.0164116
4 0.0889677
4 0.018266
4 0.0248055
4 0.0292331
4 0.00393018
4 0.0351059
4 0.0218715
4 0.0100775
4 0.01066
4 0.0141201
4 0.0517262
4 0.0344449
4 0.0224429
4 0.0257335
4 0.0306149
4 0.00719396
3 0.30824
3 0.21094
5 0.321888
5 0.110689
5 0.256723
3 0.245914
7 0.0890876
7 0.168106
7 0.129767
7 0.116016
7 0.120361
7 0.118159
7 0.108342
7 0.150248
2 0.122782
2 0.0721663
2 0.0649397
2 0.0802818
7 0.105695
2 0.0617911
2 0.0779654
2 0.0429191
2 0.0472737
7 0.117955
2 0.106483
7 0.104094
2 0.0556256
2 0.0534209
2 0.0526657
2 0.0384623
2 0.0806001
2 0.0678222
7 0.103161
2 0.100649
2 0.0752056
2 0.0433949
2 0.0571805
7 0.0703236
0 0.0514426
7 0.07992
2 0.0638799
2 0.0469241
7 0.107617
2 0.0624712
7 0.078494
2 0.0549642
7 0.0998851
2 0.0342955
2 0.0551523
2 0.0802595
2 0.0686104
7 0.090831
2 0.0667897
0 0.0463304
7 0.0806408
6 0.0561595
2 0.0352501
2 0.0679786
0 0.0324376
7 0.0812549
2 0.0838961
2 0.0697539
2 0.0637327
6 0.0847751
6 0.0374262
7 0.0872539
2 0.0379505
0 0.0380306
7 0.0749231
0 0.0556253
7 0.112352
7 0.0801627
6 0.0335328
6 0.0786782
2 0.0815973
0 0.0487047
7 0.083047
6 0.0330847
6 0.0926635
6 0.0975337
6 0.0805374
6 0.0676042
6 0.0904764
0 0.0331336
7 0.0688856
6 0.0570268
6 0.0505574
6 0.113766
6 0.0260073
7 0.11074
7 0.0820219
0 0.0462595
7 0.087693
6 0.055365
6 0.0317079
7 0.0887042
6 0.0258043
7 0.0900673
6 0.109495
6 0.0511467
7 0.103567
6 0.0647273
6 0.0283861
7 0.105808
6 0.0680776
6 0.0405385
7 0.101706
6 0.0349653
6 0.132074
7 0.104652
6 0.0446619
6 0.0595157
6 0.0903634
6 0.0258208
7 0.109316
6 0.0845067
6 0.0313198
6 0.0659589
7 0.120128
7 0.0778718
6 0.0349042
7 0.108387
6 0.0224292
7 0.100669
6 0.0658964
0 0.037605
7 0.0700772
7 0.120118
6 0.0399326
6 0.0583344
7 0.0820309
6 0.0317766
6 0.0683496
6 0.0893562
6 0.0609333
2 0.0669887
7 0.0693452
2 0.115733
0 0.0559231
6 0.0631477
7 0.0747325
0 0.0642005
6 0.0811586
6 0.0866675
6 0.070212
2 0.0725911
2 0.0709201
2 0.0895141
0 0.0331223
7 0.068953
2 0.0518758
2 0.0627248
2 0.0882351
6 0.0829087
6 0.0350454
7 0.0795218
7 0.130203
2 0.0718415
2 0.0496065
2 0.081301
2 0.0677322
2 0.0591742
7 0.0656706
0 0.0501906
7 0.0799786
2 0.0518798
2 0.0934153
7 0.0758628
2 0.0513573
2 0.0289508
2 0.0669473
2 0.0661418
6 0.0674036
2 0.069449
2 0.0438406
7 0.072087
2 0.0633888
2 0.0586147
2 0.0744314
2 0.0565793
2 0.0642652
6 0.0775522
7 0.0799713
2 0.0524787
2 0.0352877
7 0.0785156
7 0.0873027
2 0.0716957
2 0.064715
2 0.0711943
2 0.0738432
6 0.0956465
2 0.0680669
2 0.0603772
2 0.0842198
3 0.204677
7 0.166082
7 0.154466
7 0.0702793
7 0.139739
7 0.163598
7 0.0607081
7 0.0815671
7 0.113382
0 0.0510487
0 0.0541313
0 0.0475869
0 0.044266
0 0.0400844
0 0.0345958
0 0.041372
2 0.102103
0 0.0614263
0 0.0502993
0 0.0498159
0 0.050863
6 0.0392825
0 0.050095
0 0.0431223
0 0.127531
0 0.0601674
6 0.0539222
6 0.0476462
6 0.0399744
6 0.0444456
0 0.0557082
6 0.0499942
0 0.0517156
2 0.0514838
0 0.0413532
0 0.0496194
6 0.0297497
0 0.0459729
6 0.0410991
0 0.0440435
6 0.0683365
0 0.0626194
6 0.0330177
6 0.0291995
6 0.0338763
6 0.0489947
6 0.0442941
6 0.0335829
6 0.0447896
6 0.0643708
6 0.0276713
6 0.0305763
6 0.0321564
0 0.0501285
6 0.0322568
6 0.0308019
6 0.0389111
6 0.0408347
6 0.0282688
6 0.0495724
6 0.0383609
6 0.0494117
6 0.0324683
6 0.0302878
6 0.0378241
6 0.0672343
6 0.0399453
6 0.047342
6 0.0312141
6 0.0284362
6 0.0409591
6 0.0366613
6 0.0310227
6 0.111208
6 0.0442954
6 0.0367814
6 0.0348835
6 0.0609175
6 0.0359449
6 0.0550961
6 0.0445286
6 0.0878801
6 0.0364531
6 0.035076
6 0.0354574
6 0.088372
6 0.0345285
6 0.0588161
6 0.031967
6 0.111967
6 0.0413516
6 0.0417427
6 0.0365154
6 0.041909
6 0.0320784
6 0.0453745
6 0.0469064
6 0.0770492
6 0.0505071
6 0.0461892
6 0.0398583
6 0.0429505
6 0.0444752
6 0.0482772
6 0.0393371
6 0.0669002
6 0.0530342
6 0.0397933
6 0.035965
6 0.0450885
6 0.0497558
6 0.0276172
6 0.0458133
0 0.0733141
7 0.120097
6 0.0266246
6 0.0379439
6 0.0454587
6 0.0398033
6 0.0369763
6 0.0328266
0 0.0587576
6 0.12211
6 0.0307453
6 0.0372938
0 0.0423204
6 0.0576099
6 0.0413539
6 0.0310729
6 0.0589716
6 0.0750977
6 0.035275
0 0.0426814
0 0.0416771
0 0.0403403
6 0.0383654
6 0.0313802
6 0.0305941
6 0.0837102
6 0.0380344
6 0.0280786
0 0.0356784
0 0.0513269
6 0.0296189
6 0.0200823
6 0.0189086
6 0.07732
6 0.0646479
0 0.0523198
0 0.0487405
0 0.0537688
6 0.0226276
6 0.0396865
6 0.0520791
6 0.058749
6 0.0927304
6 0.0384613
0 0.0479071
0 0.0610547
6 0.0274387
6 0.0170747
2 0.0489429
0 0.0520648
0 0.11824
3 0.178437
5 0.395356
5 0.211957
5 0.256723
5 0.213401
7 0.147254
7 0.151058
7 0.145377
7 0.0959075
7 0.170409
7 0.135157
7 0.145971
7 0.146585
7 0.129678
7 0.130662
2 0.11498
2 0.0951784
2 0.0965692
2 0.075711
2 0.0738963
2 0.0683674
2 0.100304
2 0.0713089
2 0.0719244
2 0.0525118
7 0.128634
2 0.0796657
2 0.0727851
2 0.106424
