5 0
3 0.00812591
3 0.0127577
3 0.00580352
3 0.00499454
3 0.00767033
6 0.00755301
3 0.00445869
7 0.00176102
7 0.00178876
4 0.000477364
0 0.00189726
4 0.000835791
0 0.00050384
4 0.000444066
0 0.000573683
0 0.000312184
4 0.000435671
0 0.000360611
4 0.000340989
0 0.000322996
4 0.000469536
0 0.000316739
4 0.00056495
4 0.0010508
7 0.000804558
0 0.000950674
7 0.00457129
7 0.00487279
2 0.00100428
0 0.00095955
0 0.00124584
7 0.000823391
0 0.00044437
4 0.000403348
7 0.00345184
0 0.000689481
0 0.0017323
0 0.00125471
0 0.00133256
1 0.00166415
4 0.000304912
4 0.00108342
4 0.00186448
0 0.00156545
4 0.000893629
0 0.000284604
0 0.00081219
4 0.000761189
0 0.000549768
4 0.000396433
4 0.000764429
4 0.00101777
2 0.000817848
4 0.000922715
2 0.000627468
4 0.000434531
0 0.000605283
2 0.00103326
0 0.000949567
4 0.000603535
2 0.000898973
4 0.000264593
4 0.000330069
0 0.000748074
6 0.00376807
1 0.00186278
2 0.00149457
4 0.000851843
4 0.000812213
4 0.00192976
7 0.00529344
2 0.0016437
4 0.00126291
2 0.00166209
2 0.00160508
4 0.000855416
2 0.00148151
4 0.00103321
4 0.000495268
4 0.000400961
0 0.000597153
0 0.000943477
2 0.000859157
0 0.000903109
2 0.00061012
7 0.00112437
2 0.000327242
4 0.000789246
4 0.000400731
4 0.000680667
4 0.000547766
4 0.000727706
4 0.000401513
0 0.00117404
2 0.00209896
0 0.00193596
0 0.000916276
4 0.000717953
7 0.00441394
0 0.00071074
0 0.00342936
7 0.00106869
2 0.000986788
0 0.000545312
0 0.000630523
0 0.000364796
4 0.00118267
2 0.00133406
4 0.000691067
0 0.000890174
0 0.000768957
4 0.000956936
2 0.00050809
0 0.000568118
2 0.000842808
4 0.000637077
2 0.000692848
4 0.000931351
4 0.000583687
0 0.00112368
0 0.000771113
0 0.000690258
0 0.00164547
2 0.00104844
0 0.000768047
4 0.000588661
4 0.000419704
4 0.00088677
0 0.000622818
4 0.000405382
4 0.000353242
4 0.00116376
1 0.000601916
0 0.00178705
4 0.0008964
7 0.00204321
1 0.00115627
0 0.00157044
1 0.000846716
2 0.00133652
2 0.0012738
4 0.0010577
0 0.000775443
2 0.000368042
4 0.00244716
2 0.000987123
1 0.00170468
0 0.000933743
4 0.000755161
2 0.000704576
2 0.000686462
0 0.000717641
4 0.000788275
1 0.00154361
0 0.000848747
0 0.000221079
0 0.000465212
2 0.00107597
2 0.00101065
0 0.00094534
2 0.000929122
0 0.000923452
4 0.00110839
2 0.00107179
0 0.00165231
7 0.00336555
0 0.000222844
2 0.000872328
2 0.0016382
0 0.00170058
1 0.00110552
0 0.000450865
4 0.000255258
2 0.00114864
0 0.000281915
4 0.00103873
0 0.00140953
0 0.000658849
4 0.000506958
4 0.00118021
2 0.00104806
0 0.000797509
2 0.000406205
4 0.000284272
4 0.000920613
2 0.000269652
4 0.00040331
2 0.000484766
4 0.000957456
0 0.00115184
4 0.000828804
1 0.000823039
0 0.00091185
4 0.000684181
4 0.00096225
4 0.000490159
4 0.000369678
4 0.000385772
4 0.000197267
0 0.000393279
0 0.000976895
4 0.000439517
4 0.00105747
0 0.00106043
4 0.000443592
4 0.000474429
2 0.00110191
4 0.00103701
4 0.000705602
4 0.000769385
2 0.00115205
4 0.000655295
4 0.000908412
0 0.00119368
2 0.000657557
2 0.000908356
4 0.000821819
4 0.000625505
2 0.00102018
0 0.00153097
1 0.00184024
2 0.000692042
4 0.000504846
4 0.000707011
0 0.00113421
2 0.000440006
2 0.000740337
2 0.000762213
0 0.00142617
7 0.00298002
7 0.00057356
7 0.00103116
6 0.00243508
6 0.00220178
6 0.00394047
6 0.00819349
4 0.000403106
0 0.000882049
4 0.00101252
2 0.000941678
4 0.000999207
2 0.000714751
2 0.000499346
4 0.000705692
4 0.000783716
4 0.000367127
4 0.000296144
4 0.000324498
4 0.000294289
4 0.000395611
0 0.000201529
4 0.000334641
4 0.000361926
0 0.000306886
4 0.000899355
0 0.00102689
4 0.000315435
0 0.000506428
4 0.000614232
0 0.000440565
4 0.000351586
4 0.000306044
4 0.000354312
0 0.000632972
0 0.00166824
4 0.000576198
4 0.000374727
0 0.00165288
4 0.000815609
4 0.000319443
0 0.000658208
4 0.000491049
0 0.001982
4 0.00219628
2 0.000843111
2 0.000936552
0 0.00190185
1 0.0100365
6 0.00190032
0 0.000702235
2 0.00127119
4 0.00122218
2 0.000883693
4 0.00103962
4 0.000948532
4 0.000411199
4 0.00095833
2 0.000796144
2 0.0007057
2 0.00129451
4 0.00109825
2 0.000230721
2 0.000734532
4 0.000729916
4 0.000584498
2 0.000657616
0 0.000759212
2 0.00039735
2 0.000527958
4 0.000470847
4 0.00048568
4 0.000657226
2 0.000985042
0 0.00165652
7 0.00183071
0 0.000984017
0 0.000829235
4 0.000689907
4 0.000437215
0 0.000843707
0 0.000751642
4 0.000504173
4 0.000360925
4 0.00034688
4 0.000386474
0 0.000772968
2 0.00110533
0 0.000819855
0 0.00049401
4 0.000399679
0 0.000395669
0 0.000561724
7 0.00164576
4 0.000868738
0 0.000335489
0 0.000522632
4 0.000628457
2 0.00117193
4 0.00110591
2 0.00198924
4 0.000867419
2 0.000361969
0 0.00075188
4 0.000278186
4 0.000653955
0 0.000563948
4 0.000809134
0 0.00133725
0 0.000559885
0 0.00037481
4 0.00112075
7 0.00209571
1 0.00200932
4 0.00104254
2 0.000313114
0 0.00145729
7 0.000702129
4 0.00112243
4 0.000737028
0 0.000247067
4 0.000418456
4 0.000715304
7 0.00151569
2 0.00181249
2 0.00109502
4 0.000650711
0 0.000591221
0 0.000850696
7 0.0017521
2 0.00110933
0 0.00135172
1 0.0017273
4 0.000615579
2 0.000589117
0 0.000462101
4 0.000627015
4 0.000773485
0 0.00110251
2 0.001419
4 0.00124418
2 0.000609511
7 0.000678166
4 0.00104706
2 0.00125772
0 0.00152901
4 0.000856198
4 0.00060266
2 0.000644956
4 0.00077252
4 0.000293511
2 0.00102781
2 0.000821997
2 0.00145484
2 0.000555357
0 0.000419621
2 0.00123596
7 0.00241412
1 0.0010079
7 0.00264289
1 0.00325455
7 0.00193753
0 0.00173322
0 0.00072092
4 0.00066288
4 0.00106495
4 0.000407174
0 0.000731511
6 0.00291704
7 0.000681507
2 0.000221376
2 0.00107812
1 0.0010646
2 0.000814205
0 0.000581593
4 0.0011993
4 0.000852427
4 0.000875226
2 0.000932082
4 0.000984846
0 0.000848454
4 0.000884373
0 0.00100905
4 0.00100664
4 0.000723405
0 0.00079846
4 0.000698057
4 0.000402117
0 0.000460443
4 0.000624887
0 0.00106914
0 0.000821747
0 0.000647877
4 0.00108075
4 0.000539776
4 0.000678002
2 0.000777344
4 0.000617223
0 0.000793344
0 0.000984616
2 0.00184454
6 0.00330428
3 0.00809858
0 0.000843509
7 0.0014636
1 0.00137819
4 0.000826137
4 0.000658505
0 0.00193667
4 0.000381308
4 0.000395941
0 0.000676899
2 0.000767849
0 0.000502819
4 0.000699671
0 0.000231498
0 0.00111426
4 0.000431838
4 0.00103901
4 0.000501035
4 0.000483276
2 0.000160383
4 0.000525346
0 0.00115525
4 0.000676876
4 0.000826158
0 0.000342516
0 0.000395977
4 0.00040994
0 0.000710795
4 0.000926542
2 0.00106511
4 0.00103825
4 0.000824098
4 0.000338273
4 0.000975746
4 0.000431292
4 0.000803944
4 0.000929684
4 0.000455272
0 0.000532575
4 0.0011522
0 0.000458605
4 0.000837146
4 0.000868309
7 0.00297106
2 0.00106719
4 0.00152021
4 0.000499836
2 0.000578586
0 0.000774568
4 0.000472771
4 0.000384737
0 0.000778173
0 0.000534814
0 0.000568168
4 0.000927572
4 0.000836172
1 0.000604769
4 0.00117547
4 0.00084108
4 0.000760228
0 0.000544446
4 0.000375298
4 0.000904918
2 0.000727747
4 0.000577091
0 0.000950429
2 0.000266277
0 0.000685519
2 0.000289889
0 0.00110206
0 0.000840584
2 0.000575076
2 0.000349352
4 0.000716354
4 0.000563811
4 0.000983995
4 0.000755236
2 0.000470527
4 0.000664749
4 0.000655216
4 0.000680928
4 0.000457861
2 0.00089296
4 0.00102393
4 0.000577665
0 0.000537243
2 0.000672655
0 0.000393186
2 0.00131899
2 0.000602348
7 0.00362006
0 0.0011158
6 0.00201553
7 0.0014805
7 0.0019838
7 0.00323434
1 0.0100755
0 0.00269381
4 0.00152762
4 0.00108916
0 0.000609024
4 0.00061504
6 0.0020969
2 0.00076032
4 0.00122026
4 0.000929057
0 0.00116583
0 0.000425231
1 0.00185822
7 0.00128223
0 0.000504358
0 0.00088043
0 0.000308664
2 0.000580469
2 0.00105965
0 0.000779537
4 0.00104493
4 0.000614804
4 0.000658159
0 0.00109071
2 0.00189794
0 0.000362323
7 0.0010107
0 0.00049535
4 0.000355875
0 0.000975273
0 0.000652289
7 0.00142742
4 0.000681272
2 0.000659636
0 0.00104713
0 0.00148013
2 0.00103016
4 0.000273094
7 0.0035441
1 0.00324325
7 0.00182157
0 0.00172895
0 0.00270224
1 0.00143775
1 0.00170463
2 0.00127473
2 0.000628598
4 0.000599253
0 0.000469049
0 0.000982837
4 0.000516376
7 0.00162115
4 0.000841162
4 0.000198006
0 0.000817015
7 0.00165197
0 0.000750641
0 0.00153089
2 0.00160263
2 0.00120285
7 0.00347937
1 0.00183792
4 0.00114698
0 0.00110332
2 0.00113941
4 0.000295088
4 0.000841866
4 0.00117228
7 0.0011465
7 0.000940345
7 0.00104177
7 0.00242409
1 0.000892768
7 0.00199969
2 0.00103534
7 0.00120162
0 0.000521589
0 0.000562035
0 0.000562033
7 0.00134562
2 0.000532128
0 0.000660752
2 0.00123277
4 0.000447542
4 0.00060741
2 0.000287514
0 0.00105879
4 0.000279849
4 0.000777481
4 9.59739e-05
0 0.000704001
0 0.00052346
0 0.000894204
4 0.000723439
2 0.000968918
0 0.000965471
0 0.000839019
0 0.00129233
2 0.000356313
2 0.000260666
7 0.000949562
7 0.000907718
7 0.00139911
0 0.000354293
4 0.00060266
2 0.000478649
4 0.000802548
0 0.00087229
0 0.000732284
0 0.000633003
0 0.000614676
4 0.000672028
4 0.000788721
0 0.000410874
0 0.00104757
0 0.00101277
4 0.000593605
0 0.000941294
0 0.000610208
4 0.00091666
4 0.000764955
4 0.00103747
4 0.000475625
4 0.0004027
4 0.000601573
4 0.000773339
4 0.00113945
0 0.000905099
0 0.000178847
4 0.000903992
7 0.000980599
4 0.000268939
4 0.000452008
2 0.000833815
4 0.000792597
0 0.00160709
4 0.00036504
4 0.000892102
2 0.000769436
4 0.00107845
4 0.000549748
2 0.000815577
4 0.000556654
4 0.000758377
4 0.000622406
4 0.0011538
2 0.00153692
2 0.000825825
4 0.000747917
2 0.000582321
4 0.000295975
4 0.000264029
4 0.000192943
4 0.000410439
2 0.000496869
4 0.000215028
0 0.000531975
4 0.000916361
4 0.000377658
4 0.00101201
4 0.000661606
0 0.000874298
0 0.000917569
4 0.000433694
4 0.000314907
4 0.000468779
4 0.000371878
0 0.000900162
4 0.000651382
4 0.000899429
0 0.00103474
0 0.000803253
0 0.000757607
0 0.00070449
0 0.00113103
0 0.000589373
0 0.000981736
4 0.000645152
0 0.000603078
4 0.000639796
0 0.00116849
7 0.00185329
0 0.00108933
7 0.00221765
7 0.000577971
4 0.000590702
4 0.000823193
2 0.00097769
2 0.000377507
4 0.000498603
7 0.00136077
4 0.000441737
0 0.000245183
4 0.000578713
0 0.000988427
4 0.000659845
2 0.00058513
4 0.0001688
7 0.00174787
0 0.000192404
2 0.000556732
0 0.000508488
4 0.000485864
4 0.000317383
0 0.000408243
4 0.00037235
4 0.000301244
4 0.000501481
4 0.000948106
0 0.000823532
4 0.000547753
0 0.000431486
0 0.000949673
7 0.000401826
4 0.000520732
4 0.000979988
4 0.000637973
4 0.000327442
4 0.000603037
4 0.0010549
2 0.00108781
0 0.000440641
4 0.00100799
0 0.000317238
0 0.000547229
4 0.000305227
4 0.000405275
7 0.00101944
4 0.000472967
4 0.000559927
0 0.000636193
4 0.000754508
4 0.000547303
4 0.000313952
0 0.000890354
4 0.000283299
4 0.000688808
0 0.00126611
2 0.00100389
2 0.000681256
2 0.00110713
2 0.000234034
0 0.00169983
2 0.00203588
1 0.00198454
4 0.00142782
0 0.000547313
4 0.000847691
2 0.00189855
4 0.000912994
2 0.00148415
2 0.00137819
2 0.000647407
4 0.0013304
2 0.000686681
2 0.00137942
2 0.000569501
0 0.0013216
1 0.000607264
4 0.00117617
1 0.00114284
4 0.000821125
2 0.000522057
2 0.00185002
4 0.00104132
1 0.00156134
2 0.00114518
2 0.000768967
2 0.000351859
0 0.00141385
2 0.000831739
2 0.00115097
0 0.00031391
4 0.000699549
4 0.000386969
4 0.000818785
2 0.00142924
0 0.00061136
2 0.000261197
2 0.000496994
0 0.000717588
4 0.00038914
2 0.000366332
4 0.000875581
4 0.000456145
2 0.000495393
2 0.000757664
2 0.000611343
2 0.000556576
2 0.000448587
0 0.000357762
2 0.000739139
1 0.00147461
0 0.00211934
2 0.00105431
4 0.00117243
0 0.00071591
7 0.000647563
0 0.000520541
4 0.000439952
2 0.000807133
0 0.00056157
0 0.00127099
7 0.000868795
7 0.00132048
7 0.000947939
0 0.000984136
0 0.00141659
0 0.00108528
7 0.00172181
7 0.00120381
0 0.00154598
6 0.00453804
3 0.0122752
3 0.0105982
7 0.00237949
2 0.000688437
4 0.000301131
4 0.000646628
4 0.000466086
2 0.000265082
4 0.00066242
4 0.00041036
2 0.00079663
4 0.000527199
4 0.000291455
4 0.000502025
4 0.00100568
2 0.00110485
0 0.000791818
4 0.000279927
4 0.000670775
2 0.000599311
0 0.000907535
2 0.000968267
4 0.000583637
4 0.00097014
4 0.000675682
4 0.000550983
4 0.000286983
4 0.000828045
0 0.000818235
4 0.000854652
4 0.000844819
7 0.00101807
0 0.00140691
7 0.00106297
6 0.00178895
6 0.00292427
6 0.00244202
6 0.00215959
7 0.00133561
7 0.000818633
7 0.00131092
7 0.00113235
4 0.000948207
0 0.00100972
0 0.00077155
4 0.000940296
6 0.00273917
0 0.00168044
6 0.00456704
6 0.00169731
7 0.00112865
7 0.00207387
7 0.00133142
1 0.00148017
2 0.00102206
2 0.00069037
4 0.000904043
1 0.00143335
0 0.00105258
4 0.00104213
2 0.00153248
4 0.00048877
0 0.0010507
2 0.000814253
4 0.0013684
1 0.00145053
0 0.00123804
1 0.00070238
6 0.00271137
0 0.000770925
2 0.000856313
4 0.000770596
0 0.000975278
4 0.000760663
4 0.000349789
7 0.00124818
0 0.00108545
0 0.00161386
2 0.000497925
2 0.000635197
2 0.000698614
4 0.000514662
2 0.000844615
7 0.00219338
0 0.00079495
0 0.000441819
0 0.000733778
6 0.00136133
7 0.00137999
2 0.00112821
2 0.0012137
2 0.00075198
4 0.000596499
4 0.00100022
2 0.000710291
0 0.000897297
0 0.00056036
0 0.000372947
0 0.000911131
0 0.000525722
1 0.00111416
4 0.00147104
4 0.00120527
2 0.00154043
4 0.000593982
0 0.00352974
2 0.00121054
7 0.0041292
1 0.0100366
4 0.00279736
0 0.000541872
0 0.00139392
4 0.000364575
0 0.00151986
4 0.000371656
0 0.00176874
1 0.00192487
4 0.000778422
0 0.000854286
4 0.000619071
2 0.00137611
4 0.000943184
0 0.000393876
4 0.000704884
1 0.00195038
0 0.00160428
4 0.0012647
7 0.000829086
4 0.000627956
4 0.00022777
2 0.000746823
4 0.000458086
4 0.0010705
0 0.000797826
4 0.000820427
2 0.000996277
4 0.000977186
0 0.00114
7 0.00106014
4 0.000725916
2 0.00115659
4 0.000322365
4 0.000889021
0 0.000627729
4 0.000551424
0 0.00131395
2 0.00174529
0 0.00185273
2 0.00123885
0 0.000548397
0 0.000434853
4 0.000546255
2 0.00120559
0 0.00139368
2 0.000949242
2 0.000516717
2 0.000647973
6 0.00549284
