10 0.614504
6 0.440147
11 0.0333405
5 0.0875223
3 0.018744
10 0.102241
5 0.0256445
14 0.0939538
10 0.0506591
8 0.145851
14 0.0340594
0 0.123432
8 0.0393788
9 0.0711974
0 0.0687238
8 0.0812951
9 0.0560828
0 0.091343
7 0.0811048
4 0.0693074
6 0.0586355
13 0.0805757
4 0.0785109
6 0.0395641
2 0.0894056
12 0.0925684
1 0.0634406
2 0.0569187
12 0.0352289
1 0.0344539
11 0.0700067
12 0.126934
3 0.0835515
11 0.0798117
5 0.045168
3 0.0419841
10 0.0559784
5 0.0678913
14 0.0549965
10 0.094636
8 0.10639
14 0.0693623
0 0.116506
8 0.0236785
9 0.0825819
0 0.112228
8 0.116518
9 0.0955068
0 0.113349
7 0.0296303
4 0.0553182
6 0.0490199
13 0.0210886
4 0.166837
6 0.0663116
2 0.0482023
12 0.0672157
1 0.167901
11 0.0362503
5 0.0854187
3 0.0181955
10 0.0993168
5 0.0284958
14 0.0913028
10 0.0537049
8 0.142862
14 0.0361565
0 0.123602
8 0.0379308
9 0.0693503
0 0.0693014
8 0.082715
9 0.0581184
0 0.0917293
7 0.0778311
4 0.0656047
6 0.0549872
13 0.0741753
4 0.0833176
6 0.0405834
2 0.0886603
12 0.0925937
1 0.0613227
2 0.059812
12 0.0359464
1 0.0363858
11 0.0670621
12 0.129648
3 0.0810825
11 0.0826238
5 0.0424671
3 0.0444548
10 0.0530599
5 0.07062
14 0.052432
10 0.0975966
8 0.103607
14 0.0715281
0 0.112504
8 0.0249894
9 0.0837768
0 0.114945
8 0.119644
9 0.0987098
0 0.116308
7 0.0326953
4 0.0558683
6 0.0504826
13 0.0271774
4 0.173029
6 0.0685463
2 0.0453472
12 0.0660484
1 0.0380204
2 0.104642
12 0.0610951
1 0.0713111
11 0.022687
5 0.137265
3 0.162668
10 0.0563775
8 0.14071
14 0.0380802
0 0.122893
8 0.035805
9 0.0685798
0 0.0704877
8 0.0839964
9 0.0599701
0 0.0917803
7 0.0727951
4 0.0625673
6 0.0519554
13 0.0677764
4 0.0883344
6 0.0417371
2 0.0883155
12 0.0931009
1 0.0592865
2 0.0625901
12 0.0366851
1 0.0382747
11 0.0641424
12 0.131599
3 0.0786553
11 0.085623
5 0.0402445
3 0.0467271
10 0.050129
5 0.0728097
14 0.0502562
10 0.100439
8 0.101469
14 0.0740573
0 0.108625
8 0.0264232
9 0.08045
0 0.114382
8 0.122786
9 0.10197
0 0.119402
7 0.0323592
4 0.0544273
6 0.0522341
13 0.0334058
4 0.179245
6 0.0707304
2 0.0424242
12 0.0648274
1 0.0376294
2 0.107905
12 0.0638081
1 0.0739282
11 0.0198429
5 0.135061
3 0.0422624
10 0.128795
5 0.00364332
3 0.0856842
10 0.0110712
5 0.115853
9 0.206318
0 0.0722555
8 0.0856195
9 0.0621661
0 0.0919149
7 0.067252
4 0.060297
6 0.0496164
13 0.0613731
4 0.0935554
6 0.0430819
2 0.0859609
12 0.0909576
1 0.0571954
2 0.0654893
12 0.0376184
1 0.0401846
11 0.0611725
12 0.134326
3 0.076149
11 0.0884718
5 0.0375169
3 0.0491984
10 0.0472539
5 0.0755228
14 0.047744
10 0.103395
8 0.0987101
14 0.0771317
0 0.104827
8 0.0274206
9 0.0777537
0 0.112387
8 0.124465
9 0.10467
0 0.122606
7 0.0310938
4 0.0524021
6 0.0519912
13 0.0363573
12 0.182509
6 0.0730261
2 0.0395939
12 0.0638079
1 0.0373027
2 0.111437
12 0.0671879
1 0.0763424
11 0.0155638
5 0.13113
3 0.0400536
10 0.125844
5 0.00548952
3 0.0881992
10 0.0103005
5 0.11787
14 0.0206305
0 0.130618
8 0.058439
9 0.102384
0 0.0774883
8 0.0632034
4 0.228777
6 0.0580845
13 0.0549998
4 0.0989218
6 0.0444271
2 0.0824391
12 0.0876619
1 0.0553085
2 0.068315
12 0.0387367
1 0.042426
11 0.0582996
12 0.136384
3 0.0737467
11 0.0914322
5 0.0350886
3 0.0516552
10 0.0443259
5 0.0783956
14 0.0452512
10 0.10665
8 0.0954825
14 0.0804626
0 0.10116
8 0.0292214
9 0.0745376
0 0.110311
8 0.126078
9 0.108023
0 0.125924
7 0.0305303
4 0.0508176
6 0.0520242
13 0.0399136
12 0.176907
6 0.0752854
2 0.0366952
12 0.0627756
1 0.0372326
2 0.11513
12 0.0705712
1 0.0788487
11 0.0123191
5 0.127357
3 0.0378596
10 0.122954
5 0.00792506
3 0.0908383
10 0.0103116
5 0.120743
14 0.0200669
0 0.129372
8 0.0559252
9 0.097602
0 0.0778358
8 0.0657116
9 0.0389843
0 0.101642
7 0.113711
4 0.0957793
6 0.111349
7 0.0758889
4 0.0533698
6 0.178531
2 0.0711862
12 0.0399849
1 0.0445059
11 0.0553068
12 0.139065
3 0.0711716
11 0.0943143
5 0.032716
3 0.054054
10 0.0414979
5 0.0804696
14 0.0431553
10 0.110225
8 0.0926643
14 0.0840639
0 0.0988229
8 0.0319357
9 0.0717588
0 0.108432
8 0.127783
9 0.111062
0 0.12933
7 0.0306916
4 0.0496439
6 0.050536
13 0.0437094
12 0.171363
6 0.0776088
2 0.0339115
12 0.0619562
1 0.0373587
2 0.117952
12 0.0727391
1 0.0813449
11 0.0103114
5 0.124447
3 0.0361961
10 0.120012
5 0.00985941
3 0.0932787
10 0.0111553
5 0.122771
14 0.0208478
0 0.128112
8 0.0536058
9 0.0930741
0 0.078641
8 0.0684744
9 0.0379915
0 0.0989378
7 0.11142
4 0.0953202
6 0.107441
7 0.0786363
4 0.0547093
6 0.0335736
2 0.101006
12 0.101931
1 0.101809
2 0.0137167
12 0.0453269
1 0.158706
11 0.0972498
5 0.0299382
3 0.056606
10 0.0385946
5 0.0833548
14 0.0406704
10 0.113962
8 0.0895719
14 0.0880529
0 0.0969241
8 0.0356042
9 0.0688086
0 0.106757
8 0.129623
4 0.109528
0 0.132844
7 0.0315793
4 0.0489414
6 0.0485574
13 0.0476604
12 0.165907
6 0.0799287
2 0.0310947
12 0.0611252
1 0.0375739
2 0.120849
12 0.0751684
1 0.0837109
11 0.00766453
5 0.121673
3 0.0342146
10 0.117118
5 0.0125442
3 0.0959085
10 0.0126688
5 0.125612
14 0.0210057
0 0.126981
8 0.0512836
9 0.088639
0 0.0796565
8 0.0701962
9 0.0376993
0 0.0966028
7 0.106111
4 0.0914809
6 0.103639
7 0.0816572
4 0.0564858
6 0.0339098
2 0.0984039
12 0.0993597
1 0.0993515
2 0.0164849
12 0.0433498
1 0.0443586
11 0.0865344
12 0.111391
3 0.109377
11 0.039601
5 0.082379
3 0.174353
10 0.117014
8 0.0867539
14 0.0922203
0 0.0954058
8 0.0399306
9 0.0656993
0 0.105297
8 0.131639
4 0.107918
0 0.136445
7 0.0331295
4 0.0487218
6 0.0466874
13 0.0520499
12 0.160516
6 0.0822442
2 0.0283414
12 0.0604591
1 0.0380912
2 0.123667
12 0.0770477
1 0.0863569
11 0.0051545
5 0.119221
3 0.0325526
10 0.11419
5 0.0152257
3 0.0984867
10 0.0146237
5 0.128321
14 0.0214988
0 0.125878
8 0.04879
9 0.0844175
0 0.0810955
8 0.0729513
9 0.0373772
0 0.0946665
7 0.100406
4 0.0870659
6 0.0999124
7 0.084944
4 0.0586659
6 0.0344508
2 0.0959782
12 0.0971777
1 0.0969831
2 0.0193175
12 0.0420606
1 0.0450069
11 0.0837605
12 0.113698
3 0.10673
11 0.0425571
5 0.0796394
3 0.031654
10 0.0680507
5 0.057846
14 0.0796547
10 0.0594969
8 0.137569
9 0.187388
0 0.104062
8 0.133694
4 0.106381
0 0.14011
7 0.0352446
4 0.0490004
6 0.0449324
13 0.056525
12 0.155226
6 0.0846294
2 0.0256188
12 0.0598713
1 0.0386794
11 0.125593
12 0.0795038
1 0.0888266
11 0.00370538
5 0.116726
3 0.0310078
10 0.111276
5 0.0174873
3 0.101016
10 0.0169231
5 0.130512
14 0.0231461
0 0.124802
8 0.0467013
9 0.0805304
0 0.0827291
8 0.0752354
9 0.0374392
0 0.0931537
7 0.095036
4 0.0828586
6 0.0962948
7 0.0873295
4 0.0580248
6 0.0351711
2 0.0939097
12 0.0953859
1 0.0945491
2 0.0221489
12 0.040431
1 0.0452528
11 0.0800857
12 0.117005
3 0.104016
11 0.0454885
5 0.0773588
3 0.0338633
10 0.0651365
5 0.0598204
14 0.0769349
10 0.0622397
8 0.135171
14 0.0550564
0 0.119454
8 0.0228425
9 0.0461455
0 0.0748709
8 0.087745
4 0.168639
6 0.134747
13 0.0613352
12 0.150035
6 0.0870062
2 0.022271
12 0.0588021
1 0.0394967
11 0.122697
12 0.0818424
1 0.0912163
11 0.00425512
5 0.113898
3 0.0292922
10 0.108374
5 0.0203285
3 0.103651
10 0.019334
5 0.133221
14 0.0240688
0 0.123896
8 0.0443031
9 0.0768332
0 0.0847378
8 0.0775521
9 0.037962
0 0.0920831
7 0.0900589
4 0.0788894
6 0.0928202
7 0.0894804
4 0.0562874
6 0.0360475
2 0.0921147
12 0.0939995
1 0.092105
2 0.0251028
12 0.0387356
1 0.0454843
11 0.0765749
12 0.12074
3 0.101658
11 0.0486005
5 0.0733823
3 0.0353267
10 0.0621996
5 0.0626797
14 0.0745282
10 0.065043
8 0.132583
14 0.0575049
0 0.119625
8 0.0226702
9 0.0478501
0 0.0777127
8 0.0894752
9 0.0706672
0 0.107549
7 0.0266337
4 0.0557503
6 0.051291
13 0.0478749
4 0.105087
6 0.16779
11 0.119774
12 0.0839172
1 0.0939005
11 0.00630823
5 0.111748
3 0.0284293
10 0.105476
5 0.022468
3 0.106175
10 0.0219697
5 0.136075
14 0.0252989
0 0.123435
8 0.0416783
9 0.0734435
0 0.0869709
8 0.0801769
9 0.0385986
0 0.091471
7 0.0855397
4 0.0741445
6 0.08833
7 0.0920453
4 0.0552894
6 0.0371546
2 0.0906126
12 0.0930818
1 0.0897733
2 0.0279332
12 0.0379488
1 0.0467072
11 0.0733172
12 0.124064
3 0.0988845
11 0.0521458
5 0.0698108
3 0.0371259
10 0.059291
5 0.0653601
14 0.0722189
10 0.067844
8 0.129859
14 0.0598263
0 0.119748
8 0.0233784
9 0.0500558
0 0.0809858
8 0.0916534
9 0.0736613
0 0.110196
7 0.027359
4 0.0552744
6 0.0500713
13 0.0415431
4 0.110716
6 0.0661143
2 0.0514979
12 0.0686908
1 0.0557517
2 0.0743705
12 0.0414932
1 0.182072
10 0.102557
5 0.0253493
3 0.108785
10 0.0245798
5 0.138184
14 0.0275388
0 0.12341
8 0.0396498
9 0.0694751
0 0.0835278
8 0.0789663
9 0.0397365
0 0.0913278
7 0.0815599
4 0.0698116
6 0.084039
7 0.0949635
4 0.0550247
6 0.0383546
2 0.0895291
12 0.0925918
1 0.0873969
2 0.0309237
12 0.0365292
1 0.0472066
11 0.0704062
12 0.126581
3 0.0964286
11 0.0557142
5 0.0668844
3 0.0394171
10 0.0563215
5 0.067527
14 0.0694793
10 0.0706711
8 0.127622
14 0.0623438
0 0.116996
8 0.0235566
9 0.052947
0 0.0846432
8 0.0939336
9 0.0766827
0 0.112986
7 0.0293095
4 0.0552777
6 0.0491851
13 0.0352456
4 0.116439
6 0.0683739
2 0.0485911
12 0.0673932
1 0.0538762
2 0.0773134
12 0.0430564
1 0.072166
11 0.0257527
5 0.140446
3 0.0569823
11 0.100531
5 0.0276886
14 0.193488
0 0.123602
8 0.0380661
9 0.0650572
0 0.0794812
8 0.0787168
9 0.0410116
0 0.0916552
7 0.0782038
4 0.0660342
6 0.0800487
7 0.0982283
4 0.0555588
6 0.039714
2 0.0887306
12 0.092566
1 0.0850611
2 0.0338003
12 0.0353386
1 0.0478042
11 0.0674109
12 0.129265
3 0.0939612
11 0.0585757
5 0.0639797
3 0.041235
10 0.0534667
5 0.0702174
14 0.0671429
10 0.0734694
8 0.124912
14 0.0647535
0 0.113001
8 0.0248241
9 0.0550591
0 0.0878979
8 0.0961317
9 0.0796652
0 0.115926
7 0.0322628
4 0.0557769
6 0.0486489
13 0.0290137
4 0.122227
6 0.070676
2 0.0456973
12 0.0661313
1 0.0520342
2 0.0801636
12 0.0446293
1 0.0739995
11 0.0230162
5 0.137649
3 0.0546702
11 0.103466
5 0.0249251
3 0.0776798
10 0.0128165
5 0.112687
14 0.0317557
10 0.120157
8 0.0842253
9 0.199359
0 0.0917829
7 0.0734927
4 0.0629135
6 0.0764318
7 0.101795
4 0.0568236
6 0.0411866
2 0.0883326
12 0.0930088
1 0.0827042
2 0.0367618
12 0.0349756
1 0.0494678
11 0.0645431
12 0.131281
3 0.0911543
11 0.0613651
5 0.0619014
3 0.0437526
10 0.0505074
5 0.0725045
14 0.0645153
10 0.0763334
8 0.122128
14 0.0676738
0 0.109104
8 0.0262248
9 0.0557713
0 0.0901657
8 0.0986641
9 0.0827624
0 0.118996
7 0.0325673
4 0.0547141
6 0.0484862
13 0.0228872
4 0.128109
6 0.0730312
2 0.0428029
12 0.0649938
1 0.0503359
2 0.0830968
12 0.0463345
1 0.0764999
11 0.0204205
5 0.135565
3 0.0519168
11 0.106374
5 0.0223893
3 0.0799969
10 0.0112185
5 0.115466
14 0.030186
10 0.123033
8 0.081479
9 0.11862
0 0.0774079
8 0.0610193
9 0.0574233
0 0.102951
8 0.136268
4 0.117932
6 0.183959
2 0.0864445
12 0.0914072
1 0.0803426
2 0.0396879
12 0.0341237
1 0.0503351
11 0.0615569
12 0.133979
3 0.0888072
11 0.0642502
5 0.0589986
3 0.0456087
10 0.047668
5 0.0751427
14 0.0621107
10 0.079143
8 0.119985
14 0.0713594
0 0.105321
8 0.0271875
9 0.0572504
0 0.0928083
8 0.101117
9 0.0857459
0 0.122178
7 0.0312197
4 0.052644
6 0.0486792
13 0.0169849
4 0.134043
6 0.075382
2 0.0399347
12 0.0638857
1 0.0486801
2 0.0859434
12 0.0480875
1 0.0783931
11 0.0160869
5 0.131623
3 0.0496993
11 0.10935
5 0.020066
3 0.0827397
10 0.010364
5 0.117556
14 0.0280078
10 0.125822
8 0.0792983
9 0.114575
0 0.0774367
8 0.0628391
9 0.055555
0 0.102217
8 0.138684
4 0.10207
6 0.115868
7 0.0731605
4 0.0524026
6 0.0471271
13 0.0667936
12 0.144319
6 0.173959
11 0.0586921
12 0.136265
3 0.0861636
11 0.0670722
5 0.0562884
3 0.0476104
10 0.0447148
5 0.0780399
14 0.0598595
10 0.0820644
8 0.117196
14 0.0750013
0 0.101646
8 0.0289328
9 0.05925
0 0.0957934
8 0.103824
9 0.0889524
0 0.125482
7 0.0305621
4 0.0510066
6 0.0492413
13 0.0116509
4 0.14003
6 0.0777608
2 0.0370999
12 0.0629182
1 0.0471621
2 0.0889082
12 0.0500937
1 0.0802889
11 0.0126546
5 0.127832
3 0.0473828
11 0.112686
5 0.0156258
3 0.0850794
10 0.0102473
5 0.120345
14 0.0267375
10 0.128747
8 0.0765564
9 0.110346
0 0.0777955
8 0.0653757
9 0.0539256
0 0.101107
8 0.139697
4 0.101381
6 0.111873
7 0.0755479
4 0.0532216
6 0.0455823
13 0.0719061
12 0.139366
1 0.0994572
2 0.0107256
12 0.0469623
1 0.0304169
11 0.116516
12 0.0866364
3 0.178295
10 0.0418761
5 0.08007
14 0.0571634
10 0.0848725
8 0.114889
14 0.0792134
0 0.099104
8 0.031796
