11 0.155901
11 0.156045
11 0.155943
11 0.155493
11 0.153785
11 0.146922
11 0.119517
11 0.00866725
11 0.429539
11 0.622624
1 0.434007
1 0.344826
1 0.589047
1 0.60182
1 0.723996
1 0.832929
2 0.0247307
14 0.00975138
13 0.113678
10 0.021404
10 0.0284646
10 0.0038011
10 0.00380118
2 0.0186724
2 0.0186723
10 0.00380142
10 0.00380129
10 0.0661925
10 0.0591223
13 0.113677
14 0.00975143
12 0.154268
13 0.229353
14 0.149614
12 0.133186
14 0.00974889
13 0.113675
12 0.154268
13 0.113677
14 0.00975143
12 0.217607
13 0.229353
14 0.00975143
8 0.334541
8 0.256076
13 0.0879507
6 0.185427
12 0.188978
14 0.00974884
13 0.113675
12 0.154267
13 0.113677
14 0.00975143
12 0.217607
13 0.229353
14 0.00975136
13 0.229352
2 0.0746027
13 0.138482
2 0.0538099
4 0.129602
4 0.176193
8 0.778475
10 0.00380118
10 0.0038011
10 0.00380362
10 0.00380113
10 0.00380113
2 0.0186723
10 0.00380142
10 0.0438586
10 0.0367909
10 0.00380129
13 0.180665
3 0.144965
3 0.247498
10 0.00380113
10 0.0038011
2 0.0186725
10 0.00380118
9 0.0183423
9 0.00826265
9 0.0213029
9 0.0386847
7 0.224715
12 0.142886
14 0.0097488
12 0.160209
14 0.0540732
13 0.0726743
14 0.0332632
13 0.229353
14 0.00974884
13 0.113675
14 0.00974889
13 0.113675
13 0.113675
14 0.00974887
12 0.217607
13 0.113675
14 0.00974887
8 0.620212
5 0.298999
14 0.00974884
13 0.113675
13 0.113675
14 0.00974881
12 0.192558
13 0.133468
14 0.00975144
13 0.113677
14 0.00974871
13 0.229355
14 0.00974871
12 0.154267
13 0.113675
14 0.00974881
3 0.0728493
14 0.00974881
4 0.612836
4 0.176194
4 0.210852
3 0.156055
10 0.00593855
10 0.00380113
10 0.00380108
10 0.0038037
9 0.0344938
7 0.0931575
2 0.0186723
7 0.0437678
9 0.0121206
3 0.0973985
3 0.0776299
10 0.00380108
10 0.00380102
10 0.133932
9 0.0437628
9 0.0615866
9 0.0795878
7 0.0633796
10 0.00380391
10 0.0038012
13 0.124534
10 0.0144737
6 0.0536524
0 0.148612
6 0.024642
0 0.14467
6 0.00436803
7 0.28208
14 0.0433233
12 0.179138
12 0.154268
12 0.217608
14 0.00975154
13 0.113677
13 0.229355
14 0.0097488
12 0.279242
8 0.256076
13 0.0116264
14 0.163215
12 0.145249
13 0.00922099
14 0.119142
12 0.105723
12 0.154267
13 0.113677
14 0.00975143
3 0.0728493
14 0.00974881
12 0.146873
13 0.215236
14 0.00974871
4 0.3814
4 0.176194
4 0.651102
10 0.121011
10 0.00380097
10 0.00380118
10 0.00380362
2 0.0186735
9 0.0402101
10 0.137552
2 0.0186723
7 0.0633796
3 0.0790343
3 0.0973986
9 0.0121204
7 0.0444581
10 0.0038011
10 0.00380364
2 0.0385431
7 0.050184
10 0.00380129
10 0.00380364
10 0.0038012
3 0.359955
14 0.00974889
3 0.0728491
14 0.00974889
13 0.113675
12 0.217607
14 0.00975154
13 0.113677
12 0.154268
12 0.154268
13 0.113675
14 0.00974887
12 0.259984
0 0.144569
6 0.0091695
5 0.117968
12 0.197339
14 0.00974881
12 0.217607
13 0.113675
14 0.00974881
3 0.28837
12 0.158926
12 0.246847
14 0.00974884
3 0.0728493
14 0.00974884
13 0.113675
13 0.229353
14 0.00975136
4 0.164712
4 0.176193
8 0.678063
7 0.261448
2 0.0186725
10 0.00380369
10 0.00380113
2 0.0186724
10 0.0038012
7 0.0455736
2 0.0494542
10 0.00380364
8 0.258387
3 0.118918
10 0.100811
10 0.00380113
10 0.0664309
10 0.0735014
2 0.0186735
10 0.00380364
10 0.00380129
7 0.0984446
3 0.0973985
2 0.116374
13 0.229353
12 0.0708274
2 0.119254
13 0.0727971
9 0.0250991
6 0.148108
3 0.269825
12 0.158927
12 0.143758
14 0.00974889
13 0.113675
12 0.154268
14 0.00974884
13 0.113675
5 0.578583
13 0.218492
14 0.00975138
3 0.238955
6 0.114789
0 0.178675
12 0.158926
12 0.186498
13 0.0607587
2 0.13131
3 0.198735
14 0.00975143
13 0.113677
14 0.00975136
13 0.113677
14 0.00975143
4 0.211985
4 0.176194
4 0.753744
9 0.0246166
9 0.00958104
10 0.0038011
7 0.0633796
9 0.0114132
9 0.0121205
9 0.0121207
7 0.0979825
10 0.00380129
10 0.0378606
9 0.134404
3 0.269825
8 0.445187
9 0.0742727
10 0.103111
10 0.00380113
2 0.0186725
10 0.00380129
10 0.0279826
10 0.0350476
7 0.0880883
12 0.166009
14 0.0097488
12 0.077939
2 0.153058
13 0.0391243
9 0.0129472
6 0.194959
3 0.269825
12 0.158927
12 0.132737
14 0.00974889
13 0.113675
12 0.217607
14 0.00975154
3 0.238365
5 0.117968
13 0.273674
2 0.103783
12 0.152764
14 0.00974884
13 0.113675
12 0.154267
12 0.217608
14 0.00975147
13 0.113677
12 0.213982
6 0.152164
10 0.0803826
13 0.28549
2 0.0733802
4 0.176194
4 0.176193
8 0.662687
10 0.0038011
9 0.00809423
9 0.0198678
7 0.0633797
2 0.0186724
10 0.143593
7 0.109701
2 0.0186722
7 0.0499259
3 0.0973985
13 0.210234
10 0.0221021
10 0.0150509
10 0.00380105
10 0.00380103
10 0.00380383
9 0.0435045
9 0.0614036
10 0.00380129
7 0.0433455
9 0.0121206
3 0.258527
14 0.00974889
13 0.113675
14 0.00974884
13 0.113675
14 0.00974889
3 0.0728491
14 0.00975154
13 0.113677
12 0.154268
12 0.154268
13 0.113675
14 0.00974887
12 0.173555
6 0.208063
13 0.0716307
8 0.256076
8 0.345299
14 0.00975141
13 0.229352
12 0.217607
14 0.00975147
13 0.113677
12 0.154267
12 0.132657
14 0.155985
7 0.231098
6 0.117163
0 0.180081
12 0.158926
6 0.11317
2 0.40232
4 0.176194
4 0.176193
3 0.571266
10 0.0678825
2 0.0186725
7 0.0633796
10 0.0901524
9 0.0761708
9 0.0582595
10 0.119246
2 0.0186723
7 0.0633796
13 0.113674
3 0.263787
9 0.0121204
10 0.0579496
10 0.00380108
7 0.080441
9 0.0488915
10 0.00380364
10 0.00380135
10 0.0038012
10 0.00380122
3 0.359955
14 0.00974889
3 0.072849
14 0.00975154
13 0.113677
12 0.128555
2 0.0153724
13 0.178641
12 0.298378
12 0.158927
6 0.0388076
13 0.193831
2 0.0204854
13 0.172872
10 0.0600579
6 0.00948175
5 0.117968
12 0.197571
14 0.00974881
3 0.0728493
14 0.00974881
13 0.113675
14 0.00974871
12 0.154267
12 0.154267
3 0.290818
6 0.0337531
10 0.0288238
13 0.204108
2 0.0149457
12 0.150475
14 0.00974872
4 0.761497
4 0.176194
4 0.38426
8 0.477337
2 0.0186725
10 0.0760958
10 0.0831666
10 0.00380118
10 0.0038012
10 0.00380101
10 0.00380391
2 0.0457615
8 0.352207
3 0.269825
10 0.00813593
10 0.0038011
10 0.003801
10 0.00380373
2 0.0186736
10 0.0628427
10 0.0557726
10 0.00380142
10 0.00380129
3 0.0728488
14 0.00975143
13 0.229353
12 0.217607
14 0.00975154
13 0.177258
2 0.0475786
13 0.144792
12 0.263655
12 0.158927
0 0.145022
6 0.00168104
3 0.327643
14 0.00974889
12 0.18042
5 0.117968
6 0.0146027
0 0.146612
12 0.291668
13 0.172198
2 0.0211046
12 0.123226
12 0.154267
12 0.217608
14 0.00974884
3 0.0863316
14 0.00911857
13 0.113677
14 0.00975141
13 0.113677
14 0.00975147
0 0.348217
4 0.176194
4 0.176194
8 0.37607
10 0.00380364
10 0.00380097
7 0.0628076
9 0.0121204
9 0.0121205
9 0.0121207
7 0.0823396
10 0.00380101
10 0.00380364
8 0.258387
3 0.106639
9 0.0121204
10 0.0685463
7 0.0633797
9 0.0773638
9 0.0593703
9 0.0415667
10 0.136168
10 0.00380142
10 0.00380129
13 0.113675
14 0.0097488
12 0.122189
2 0.0222784
13 0.17093
10 0.0619997
6 0.0121691
3 0.269825
12 0.155003
12 0.154267
14 0.00974884
13 0.113675
14 0.00974889
13 0.113677
14 0.00975145
13 0.140409
5 0.494755
13 0.113675
14 0.00974871
13 0.113675
14 0.00974881
13 0.113675
14 0.00974871
12 0.154267
12 0.154267
13 0.113675
14 0.00974881
12 0.132547
3 0.24702
14 0.00975144
3 0.0728493
14 0.00974884
0 0.735506
4 0.176194
4 0.176193
3 0.0830575
10 0.0038011
10 0.0038011
10 0.003801
10 0.00380364
2 0.0186724
7 0.0633796
10 0.00380391
9 0.012271
9 0.0285195
3 0.214204
9 0.143136
14 0.00975142
14 0.00974877
14 0.00974883
14 0.00975142
14 0.00974876
14 0.00974877
14 0.00975142
14 0.00974883
13 0.0653104
3 0.202827
10 0.00380102
10 0.00380097
10 0.00380377
10 0.00380116
2 0.0186723
10 0.00380129
10 0.00380114
10 0.0539539
10 0.0610238
8 0.400575
14 0.00974889
13 0.113675
14 0.00974884
13 0.113675
14 0.00974889
13 0.113675
14 0.00974884
13 0.113675
14 0.00974889
13 0.113675
12 0.154268
12 0.154268
14 0.00974884
13 0.113675
14 0.00974889
3 0.072849
14 0.00975154
13 0.214064
5 0.157721
13 0.192768
2 0.00829383
13 0.129288
14 0.0059715
13 0.108344
14 0.0277903
12 0.154331
13 0.105462
14 0.0216041
13 0.0845304
14 0.0422567
13 0.0636244
14 0.0631192
12 0.152115
13 0.229353
14 0.0573134
4 0.176194
4 0.176193
8 0.666124
10 0.00380113
2 0.0186725
10 0.00380377
10 0.0038011
2 0.0186724
9 0.0800524
10 0.0862504
10 0.00380135
10 0.00380142
10 0.0902918
3 0.269825
3 0.355015
7 0.119924
7 0.144948
7 0.100655
9 0.0264198
10 0.00380364
7 0.0633796
10 0.00380391
8 0.279142
14 0.147966
13 0.229353
13 0.229353
14 0.00975143
12 0.154267
14 0.00974884
13 0.229353
14 0.00975145
13 0.229353
14 0.0097488
12 0.192668
14 0.0190762
13 0.108074
2 0.023838
13 0.213999
5 0.134403
13 0.240577
14 0.00975143
12 0.217607
13 0.113675
14 0.00974881
12 0.164651
3 0.269824
6 0.0811917
0 0.16124
12 0.201375
14 0.00974884
3 0.0728493
14 0.00974884
0 0.529365
4 0.176194
4 0.176193
3 0.533924
9 0.0121204
9 0.0522123
10 0.00380108
10 0.00380102
2 0.0186724
7 0.0523619
9 0.0121206
10 0.0810661
2 0.0586968
7 0.316277
3 0.165602
3 0.302462
10 0.0916727
10 0.0846017
7 0.0480267
2 0.0843304
10 0.00380364
7 0.0633796
10 0.0859095
3 0.0973985
14 0.149442
13 0.229353
13 0.229353
14 0.00975143
12 0.154267
14 0.00974884
13 0.229353
14 0.00975145
13 0.229353
14 0.0097488
12 0.154268
13 0.113675
14 0.00974887
13 0.113675
14 0.0097488
12 0.170697
8 0.276675
13 0.113677
14 0.00711296
13 0.100635
14 0.0263215
13 0.0797073
14 0.0673123
12 0.158926
12 0.179788
14 0.00974884
13 0.113675
13 0.113675
14 0.00974881
3 0.0728493
14 0.00974881
4 0.552179
4 0.176194
4 0.254332
3 0.255068
2 0.0186725
10 0.00380118
9 0.0228591
9 0.00872475
10 0.00380121
10 0.00380122
10 0.0038012
10 0.0245431
2 0.0386195
10 0.060687
3 0.0973985
3 0.0973985
9 0.0459491
10 0.0038011
7 0.0451852
10 0.0297844
2 0.0186724
7 0.0633796
10 0.00380391
10 0.00380129
3 0.0728488
14 0.00974884
13 0.197768
13 0.275477
6 0.0803325
13 0.250031
14 0.0097488
13 0.229353
14 0.00975143
13 0.113677
14 0.00975143
3 0.0728491
14 0.00974887
12 0.136362
9 0.17019
6 0.200364
5 0.117968
3 0.264885
14 0.00975143
12 0.217607
13 0.113675
14 0.00974881
12 0.165701
12 0.158926
3 0.244243
14 0.00975144
13 0.18729
13 0.0402689
14 0.0865657
3 0.111369
14 0.00975143
4 0.278268
4 0.176194
4 0.696072
3 0.139907
10 0.00380097
10 0.00380118
10 0.0145534
10 0.00754469
2 0.0186724
10 0.00380129
10 0.00380127
10 0.00380122
10 0.00380364
8 0.258387
3 0.0728485
10 0.00380105
10 0.0038011
10 0.0722766
10 0.0793472
10 0.00380101
7 0.0634518
9 0.0121206
10 0.0641482
3 0.0728491
14 0.0097488
12 0.154267
14 0.00974884
13 0.229355
13 0.229353
6 0.134961
0 0.185192
6 0.105951
12 0.251911
13 0.229353
6 0.101958
0 0.166569
6 0.0729471
7 0.334964
14 0.00975143
5 0.0943652
12 0.403415
14 0.00975144
3 0.0728493
14 0.00974884
13 0.113675
14 0.00974872
13 0.333567
12 0.158926
12 0.247625
14 0.00974884
13 0.113675
13 0.113677
14 0.00975143
3 0.0728493
14 0.00974881
4 0.369716
4 0.176193
4 0.643099
3 0.267317
2 0.0186725
10 0.00380102
10 0.0038011
10 0.00190818
9 0.0121205
7 0.119923
10 0.00380129
10 0.0139717
2 0.0283504
3 0.105957
3 0.0973988
3 0.0742301
10 0.00380105
10 0.0038011
10 0.0880601
9 0.0121206
10 0.0943809
10 0.00380129
10 0.00380114
3 0.0730155
2 0.0176371
13 0.229353
13 0.229355
14 0.0097488
12 0.217608
14 0.00975154
13 0.113677
12 0.154268
13 0.113675
14 0.00974887
12 0.290885
12 0.296373
14 0.00974889
12 0.326377
5 0.11797
14 0.0487436
13 0.102145
13 0.130504
14 0.00974881
3 0.270082
12 0.158926
12 0.237726
13 0.118428
2 0.0737119
12 0.304143
14 0.00974884
3 0.107386
14 0.0328546
0 0.315417
4 0.176193
4 0.176194
8 0.421566
10 0.0848859
9 0.0121205
7 0.0503088
10 0.0038011
2 0.0186724
10 0.0532658
10 0.0603356
10 0.00380129
7 0.0784397
3 0.0973984
3 0.0876048
3 0.171224
10 0.00905526
10 0.0038011
7 0.124556
9 0.0121206
10 0.00640815
10 0.0038012
10 0.00380101
3 0.122608
2 0.0729727
13 0.229353
13 0.229355
14 0.0097488
12 0.154268
13 0.113675
14 0.00974887
12 0.217608
12 0.0809011
2 0.0815823
13 0.110523
12 0.230196
0 0.156912
6 0.0707937
5 0.117968
12 0.246521
14 0.00974881
3 0.412287
6 0.0870774
0 0.174021
12 0.158926
3 0.286047
14 0.00974884
13 0.113675
14 0.00974872
13 0.129128
13 0.245415
2 0.0573928
13 0.0737213
14 0.0530284
4 0.15366
4 0.176193
8 0.820592
3 0.304651
10 0.0900705
10 0.0829996
2 0.0186725
7 0.0633797
2 0.0186724
10 0.00380127
9 0.0433378
10 0.134364
10 0.0038012
3 0.161697
3 0.269825
7 0.287234
10 0.00380364
10 0.0038011
10 0.0038011
2 0.0186724
10 0.0038012
10 0.0546967
10 0.0476274
3 0.359957
14 0.00975143
13 0.229353
13 0.113675
14 0.00974887
3 0.0728491
14 0.00974887
12 0.180898
12 0.158927
12 0.158927
0 0.152917
6 0.0596273
3 0.269825
13 0.0979103
14 0.0734896
5 0.117971
12 0.303876
14 0.00974881
3 0.0722482
13 0.216494
2 0.0245577
12 0.155878
12 0.154267
13 0.113677
14 0.00975143
12 0.217607
