9 0.0463155
9 0.0116177
9 0.0117048
9 0.0115955
9 0.0114905
11 0.216694
11 0.22521
11 0.158918
11 0.140587
11 0.116202
11 0.0901622
11 0.0671874
11 0.0578326
11 0.0629688
11 0.0534759
11 0.0555701
11 0.0512257
11 0.0379909
11 0.0379648
11 0.0483385
11 0.0697027
11 0.0612815
11 0.107695
11 0.0667927
11 0.0907284
11 0.0729706
11 0.0754283
11 0.0787745
11 0.0789769
11 0.0892691
11 0.0894029
11 0.0902773
3 0.0906307
3 0.0886472
3 0.0801732
3 0.0796423
3 0.0712188
3 0.0893041
3 0.101625
3 0.109627
3 0.0933803
3 0.076508
3 0.0730078
3 0.0578129
3 0.0643736
3 0.065465
3 0.076025
10 0.0835077
10 0.0676637
6 0.0965419
2 0.201303
2 0.118738
2 0.0781061
2 0.046043
2 0.0913242
2 0.0860999
2 0.0742799
2 0.0655742
2 0.0478249
2 0.0200897
2 0.0215802
2 0.0246061
2 0.0244691
2 0.0237508
2 0.0163923
2 0.0240657
2 0.0284657
2 0.0448132
2 0.045544
2 0.0497827
2 0.0583619
2 0.0481718
2 0.0464928
2 0.0530428
2 0.0713598
2 0.0517905
2 0.238584
0 0.0244859
0 0.0259257
0 0.0236183
0 0.0281112
0 0.0241698
0 0.0237627
0 0.0260586
0 0.0273369
0 0.0206719
0 0.0193272
0 0.0237319
0 0.0266051
0 0.0132809
0 0.0298137
0 0.0274569
0 0.0232751
0 0.0229964
0 0.0237255
0 0.0153339
0 0.0257308
0 0.02707
0 0.0272387
0 0.0286784
0 0.0260683
0 0.0223294
0 0.0183234
0 0.0260959
0 0.0239978
0 0.0248808
0 0.0255664
0 0.0280481
0 0.0293248
0 0.0265324
0 0.0257673
0 0.0256747
0 0.0182777
0 0.0244057
0 0.0266016
0 0.0199531
0 0.0244146
0 0.023469
0 0.0239941
0 0.0233614
0 0.020895
0 0.0207627
0 0.0318822
0 0.0239448
0 0.0214514
0 0.0209422
0 0.0201576
0 0.0181256
0 0.0207321
0 0.0219677
0 0.020579
0 0.0323146
0 0.0257161
0 0.0148128
0 0.0186416
0 0.0227251
0 0.0257717
0 0.0214092
0 0.0287212
0 0.020568
0 0.0263018
0 0.0263194
0 0.0299398
0 0.0179869
0 0.0279771
0 0.0179502
0 0.0208343
0 0.0190807
0 0.0231205
0 0.0314067
0 0.0145021
0 0.0230313
0 0.0151633
0 0.0251952
0 0.0114415
0 0.0189834
0 0.02696
0 0.0238488
0 0.0223675
0 0.0257997
0 0.00993538
0 0.0123359
0 0.0143753
0 0.0225609
0 0.0219374
0 0.0234935
0 0.016273
0 0.0161566
0 0.0170955
0 0.00977863
0 0.0194049
0 0.0205276
0 0.0218328
0 0.0224285
0 0.0220181
0 0.0129442
0 0.0192417
0 0.0127069
0 0.00616901
0 0.0147081
0 0.0215223
0 0.0219178
0 0.00417814
0 0.0112894
0 0.0133741
0 0.0263498
0 0.0105227
0 0.0220119
0 0.0130653
0 0.0134362
0 0.0165886
0 0.00342976
0 0.00309657
0 0.00806675
0 0.023798
0 0.0165852
0 0.0113939
0 0.0123596
0 0.00685164
0 0.0147105
0 0.0083857
0 0.0155619
0 0.00688038
0 0.0144571
0 0.00312975
0 0.00098027
0 0.00386657
0 0.00199855
0 0.016848
0 0.0157962
0 0.0115646
0 0.0166912
0 0.010304
0 0.0079376
0 0.00303424
0 0.00492416
0 0.00615146
0 0.0333413
0 0.00279316
0 0.00512222
0 0.0137944
0 0.0143155
0 0.00391585
0 0.0107089
0 0.00504544
0 0.0166412
0 0.0130477
0 0.00095975
0 0.00205924
0 0.00786803
0 0.00333865
0 0.00780581
0 0.00721687
0 0.00573599
0 0.0159069
0 0.00683956
0 0.0154297
0 0.0139894
0 0.00952108
0 0.0292684
0 0.00296093
0 0.0322351
0 0.0231984
0 0.0117984
0 0.0131263
0 0.00718834
0 0.0116958
0 0.023107
0 0.00513187
0 0.038078
0 0.026761
0 0.0115237
0 0.00338618
0 0.0107135
0 0.0127842
0 0.0296131
0 0.0457706
0 0.0196263
0 0.0382
0 0.0294694
0 0.0138043
0 0.0386346
0 0.0234776
0 0.0242404
0 0.0364037
0 0.0511967
0 0.0614057
0 0.0169303
0 0.0405709
0 0.0351049
0 0.0392786
0 0.0103818
0 0.0535451
0 0.0359616
0 0.0118583
0 0.0627933
0 0.0328184
0 0.0788375
0 0.0359944
0 0.0586142
0 0.0807964
0 0.0911615
5 0.10255
0 0.0575734
0 0.021757
0 0.0578619
0 0.0846553
0 0.0774771
0 0.095134
5 0.06409
5 0.0536375
0 0.0717297
5 0.0893316
5 0.0156687
0 0.0714767
5 0.0947283
5 0.0569421
5 0.0397016
5 0.0472872
5 0.0347435
5 0.0245455
5 0.0114937
5 0.0781593
5 0.0352752
5 0.0101541
5 0.00765127
12 0.0609635
12 0.0540997
5 0.0469125
5 0.0150748
5 0.0238743
5 0.0616941
12 0.0586911
12 0.0622575
5 0.0258956
5 0.0170437
5 0.050751
12 0.0274609
12 0.0477354
5 0.0261034
5 0.00596059
5 0.00570123
12 0.0466722
12 0.147352
5 0.00601415
5 0.00869605
12 0.0481629
12 0.114531
12 0.0794446
5 0.0412656
5 0.024601
12 0.0190444
12 0.104043
12 0.0441971
12 0.0335884
12 0.021349
12 0.221135
12 0.0637148
5 0.0643929
12 0.0336709
12 0.129613
5 0.0382786
12 0.042466
12 0.0183631
12 0.0148116
12 0.0431564
5 0.00313129
12 0.02204
12 0.180341
12 0.0751391
5 0.0497826
12 0.0523845
5 0.00856917
5 0.0643196
5 0.0298966
12 0.0638689
5 0.047843
12 0.0797921
5 0.086076
12 0.0312071
5 0.0551417
5 0.0558022
12 0.0593727
5 0.076657
12 0.0311388
5 0.0537969
12 0.0601498
5 0.0709182
5 0.0581542
12 0.125777
0 0.0829944
5 0.0792984
5 0.0395322
12 0.0226706
5 0.00842652
5 0.0833891
12 0.15601
5 0.014856
5 0.0611213
12 0.0808287
5 0.0817118
5 0.046627
5 0.0612621
12 0.132611
5 0.0107825
12 0.059952
12 0.0665277
5 0.01021
12 0.0325823
12 0.0437277
5 0.00936976
5 0.0790518
12 0.0653397
12 0.0384043
5 0.048176
5 0.103078
5 0.0949147
5 0.0570936
0 0.0717392
0 0.0462749
0 0.0759668
0 0.00737165
0 0.0513055
0 0.00755639
0 0.0394307
0 0.00506595
0 0.01096
0 0.020778
0 0.0101117
0 0.0208558
0 0.00511361
0 0.0266281
0 0.0371913
0 0.0567576
0 0.0208361
0 0.0128871
0 0.0124993
0 0.00969163
0 0.0271782
0 0.0056646
0 0.00711382
0 0.00578157
0 0.00531709
0 0.0118327
0 0.00809749
0 0.0633493
5 0.103673
0 0.0520383
5 0.0868985
5 0.0667754
5 0.017995
12 0.0213766
12 0.0489645
12 0.0838826
12 0.0322921
12 0.0804384
12 0.0841109
12 0.088022
12 0.776597
4 1.78263e-16
4 1.78263e-16
4 1.78263e-16
11 0.435628
3 0.31066
3 0.107951
3 0.0999352
3 0.12419
3 0.145509
3 0.118584
3 0.0910757
3 0.0808227
3 0.0612103
3 0.081298
3 0.0602626
3 0.102463
3 0.104055
3 0.084167
3 0.0737875
3 0.0739398
3 0.0478874
3 0.0344786
3 0.04274
3 0.0414105
3 0.0613538
11 0.0870096
3 0.0703565
3 0.0709678
3 0.0625398
3 0.0438828
3 0.058135
3 0.0465886
3 0.0571898
3 0.0435984
3 0.0358029
3 0.028057
3 0.0331393
3 0.0383396
3 0.0420647
3 0.0535036
3 0.0534583
3 0.0380964
3 0.0284112
3 0.0486677
3 0.0711947
3 0.0716218
3 0.0317274
3 0.0351947
3 0.0194073
3 0.0277061
3 0.0282258
3 0.0195873
3 0.0220578
3 0.0269859
3 0.0232716
3 0.0325376
3 0.0292159
3 0.0267536
3 0.0146343
3 0.0252992
3 0.0235104
3 0.029506
3 0.0107259
3 0.0256574
3 0.0278704
3 0.0261485
3 0.013756
3 0.0320638
3 0.0259524
3 0.0430209
3 0.0283331
3 0.0208789
3 0.0301117
3 0.0194275
3 0.0206677
3 0.0334073
3 0.0253261
3 0.0476033
3 0.0232802
3 0.0353733
3 0.0348984
3 0.0296422
3 0.0259806
3 0.0211421
3 0.036428
3 0.0309869
3 0.0276914
3 0.0265762
3 0.0236599
3 0.0275852
3 0.011
3 0.0409575
3 0.0296663
3 0.0306322
3 0.0219669
3 0.0459434
3 0.0391094
3 0.0406193
3 0.0452743
3 0.0178142
3 0.0487452
3 0.0195643
3 0.0327411
3 0.0216288
3 0.0578972
10 0.0463609
10 0.0348763
3 0.0513997
3 0.0458982
3 0.0163788
3 0.0528842
3 0.0305441
3 0.057596
3 0.0243153
3 0.0116368
3 0.0204356
3 0.0454196
3 0.0241344
3 0.0314531
3 0.0337371
3 0.00896486
10 0.0539994
3 0.0562263
3 0.0541955
10 0.0372984
10 0.0543842
3 0.0532885
3 0.0409906
3 0.056005
10 0.0538201
10 0.0473395
10 0.0768071
3 0.0498929
3 0.0504622
10 0.0365956
3 0.0412812
3 0.0428665
3 0.024449
3 0.0698848
3 0.0594475
10 0.0451218
10 0.0319823
10 0.0457391
10 0.048627
3 0.0481317
10 0.0348593
10 0.0690597
3 0.0461787
10 0.0635727
3 0.0479679
3 0.0423057
3 0.0537339
3 0.0558096
10 0.0299015
10 0.0456857
10 0.0606133
10 0.0522991
10 0.0490695
10 0.0492301
10 0.025964
10 0.036029
3 0.0582393
3 0.0494031
3 0.0542
10 0.0580945
3 0.0545375
10 0.0516839
10 0.0402904
10 0.0356767
10 0.0422999
10 0.0232611
10 0.0365571
3 0.0263563
3 0.0553036
10 0.0324106
10 0.0251167
10 0.0199633
10 0.0290319
10 0.04875
10 0.0383845
10 0.0514184
10 0.0486297
10 0.0446612
10 0.0528253
3 0.0433669
10 0.0528847
10 0.0408137
10 0.0298884
10 0.0405312
10 0.0546215
3 0.0532272
10 0.0542182
10 0.0320654
10 0.0379819
10 0.0393339
10 0.0431571
10 0.0333623
3 0.0527273
10 0.0589608
10 0.0348338
10 0.0531672
10 0.0495588
10 0.0683453
10 0.0286121
10 0.027828
10 0.0192364
10 0.0224241
10 0.0428216
10 0.0379257
10 0.0186483
10 0.0473276
10 0.0260914
10 0.0252872
10 0.0252973
10 0.0751836
10 0.122798
10 0.067024
10 0.0215896
10 0.0487937
10 0.0620724
10 0.051081
10 0.0434652
10 0.0264739
10 0.0315062
3 0.0668804
10 0.0516555
10 0.0196173
10 0.0461019
10 0.0299017
10 0.0434494
10 0.0118677
10 0.0451902
10 0.0429755
10 0.0348226
10 0.0390419
10 0.0350016
10 0.0391995
10 0.0249381
10 0.0125329
10 0.0288568
10 0.0267397
3 0.0334493
10 0.0548835
10 0.0237651
10 0.0217404
10 0.0324151
10 0.0290204
10 0.0236511
10 0.0388802
10 0.065637
10 0.0364574
10 0.0558751
10 0.0362596
10 0.0264825
10 0.0227091
10 0.0257992
10 0.0170349
10 0.0154233
10 0.0213678
10 0.0272235
10 0.0157103
10 0.0160554
10 0.0398369
10 0.0199366
10 0.0300012
10 0.067064
10 0.0781863
10 0.0397544
10 0.0261212
10 0.0524657
10 0.0123677
10 0.0231097
10 0.0115368
10 0.0272222
10 0.0277324
10 0.0372823
10 0.0233577
10 0.0358356
10 0.0483831
10 0.0244754
10 0.0282393
10 0.0317022
10 0.0457243
10 0.0654388
10 0.0379634
10 0.034332
10 0.0179978
10 0.0186231
10 0.0150147
10 0.0300416
10 0.0360565
10 0.0329374
10 0.0403073
10 0.0147534
10 0.0416126
10 0.0766285
10 0.0378633
10 0.042958
10 0.0353045
10 0.0538511
10 0.0395704
10 0.132908
10 0.0563058
10 0.0353032
10 0.0290308
10 0.0343095
10 0.017915
10 0.0293123
10 0.0538731
10 0.0313251
10 0.0429197
10 0.0967751
7 0.0628142
7 0.0849941
10 0.0727146
10 0.0725422
10 0.0561186
10 0.0515456
10 0.026933
10 0.0470189
10 0.0299436
10 0.0938473
10 0.07124
10 0.0198197
10 0.0183344
10 0.0284484
10 0.0718113
7 0.0673086
10 0.0792348
7 0.0827529
10 0.0972182
10 0.0532206
10 0.0409773
10 0.042375
10 0.0634731
10 0.0529507
7 0.0476957
7 0.0621386
10 0.078327
10 0.0655
10 0.056418
7 0.0800132
7 0.0429874
10 0.0967181
10 0.0942865
7 0.0706018
7 0.0726674
10 0.0418601
10 0.0803055
7 0.0740666
7 0.0423981
10 0.116615
10 0.0585452
7 0.0947106
10 0.0561787
7 0.115462
7 0.0688208
7 0.0315163
7 0.0981107
10 0.0622259
10 0.0352754
10 0.0590352
7 0.0907797
7 0.0346246
7 0.059228
7 0.0798371
10 0.080906
7 0.0423501
7 0.0559176
7 0.116466
7 0.0670884
10 0.0971198
10 0.107976
10 0.0651358
7 0.0746501
8 0.0133335
7 0.129337
7 0.0296306
8 0.0741528
8 0.115239
7 0.113362
7 0.0338414
7 0.0250599
10 0.0625736
10 0.0358024
10 0.0423342
7 0.110066
7 0.0843699
7 0.0876161
7 0.0260878
8 0.0465787
7 0.112212
7 0.0423736
8 0.0169734
7 0.160766
10 0.0771254
7 0.119397
8 0.0426085
8 0.100358
7 0.119729
8 0.0279455
8 0.0926663
7 0.0707033
8 0.110937
7 0.101
7 0.127379
8 0.0998587
8 0.0982061
8 0.118264
8 0.0770921
8 0.157127
8 0.0851457
8 0.132373
7 0.0629729
7 0.0669044
8 0.0182356
7 0.123355
6 0.0472659
6 0.138881
8 0.12811
8 0.0858301
7 0.0825631
7 0.0350736
7 0.0577548
8 0.123317
8 0.123086
8 0.00962025
8 0.0797416
6 0.0186202
8 0.0662326
8 0.0763968
7 0.0690222
7 0.119352
8 0.0623778
8 0.0971502
7 0.118519
6 0.118063
6 0.0755048
6 0.154712
8 0.0898348
7 0.0608164
8 0.0333103
8 0.0910304
8 0.0983259
8 0.039195
6 0.0969987
8 0.0356895
6 0.0156376
8 0.134628
6 0.0206606
8 0.13912
8 0.0456066
6 0.120401
8 0.00651214
7 0.133548
6 0.0555968
8 0.0979984
8 0.0785155
6 0.111042
6 0.0131968
8 0.0642045
8 0.0581218
6 0.0612189
8 0.0669244
8 0.165274
6 0.118262
8 0.0811875
8 0.0198393
8 0.146962
8 0.0172146
6 0.0166882
7 0.100643
8 0.13513
6 0.117709
6 0.106976
6 0.0632994
6 0.107727
8 0.0758613
8 0.0450866
6 0.131865
1 0.154545
6 0.0855622
1 0.0859475
1 0.104034
8 0.0398899
6 0.151868
6 0.0218087
1 0.0493521
1 0.0793249
6 0.0388996
6 0.0721713
8 0.0340817
1 0.0798665
1 0.0323041
1 0.134614
6 0.0446788
8 0.0515312
7 0.0542606
8 0.0772009
1 0.0935892
1 0.0378689
1 0.104194
1 0.149391
6 0.126646
6 0.0336671
6 0.108383
6 0.0152605
1 0.0291084
6 0.0130571
6 0.139589
6 0.0658524
6 0.0625906
1 0.101736
1 0.017835
1 0.0156487
8 0.147645
10 0.117959
8 0.107932
8 0.0777263
8 0.052188
6 0.0444145
6 0.133476
1 0.0842524
8 0.0954939
1 0.160722
1 0.139965
1 0.0128968
1 0.00688154
1 0.0598303
1 0.107026
1 0.0963809
1 0.060621
1 0.0735511
1 0.0840846
1 0.0322334
1 0.0792062
1 0.0162351
1 0.0684848
1 0.0360901
1 0.140705
1 0.0755423
1 0.101259
1 0.0793145
1 0.0973806
1 0.0722218
1 0.108875
1 0.0797148
1 0.10447
1 0.104584
1 0.0213411
1 0.109246
1 0.108842
1 0.108995
1 0.108953
1 0.107697
1 0.0619955
1 0.109926
1 0.109805
1 0.110083
1 0.109859
