10 0.145162
10 0.275136
10 0.274067
10 0.274079
10 0.236111
10 0.130315
10 0.138143
10 0.137625
10 0.139714
10 0.137749
10 0.137441
10 0.138071
10 0.138009
10 0.138085
10 0.138289
10 0.138905
10 0.137829
10 0.156854
6 0.0462134
6 0.0296137
6 0.0232296
6 0.0229943
6 0.0270858
6 0.0410453
6 0.0389136
6 0.0230564
6 0.0190261
6 0.0182056
6 0.0170024
6 0.0154827
6 0.0267997
6 0.0370367
6 0.0202645
6 0.0164556
6 0.0196186
6 0.0188062
6 0.0167966
6 0.0329685
6 0.043044
6 0.0338796
6 0.0281512
6 0.0270502
6 0.0269928
6 0.0288661
6 0.565808
1 0.132511
1 0.0642426
1 0.0396136
12 0.0228807
1 0.0347728
12 0.0294961
1 0.0371083
1 0.0655549
12 0.0679641
12 0.0333391
12 0.0520949
1 0.0413486
12 0.0608937
12 0.0839033
12 0.0341438
1 0.064924
12 0.039825
12 0.0449941
12 0.0191231
12 0.0460821
12 0.0133409
1 0.0281679
1 0.0736214
1 0.0176179
1 0.0270865
1 0.0344079
1 0.051456
1 0.0273579
1 0.0545094
1 0.018245
12 0.0502647
1 0.0159489
1 0.0125009
1 0.0450398
12 0.0330814
12 0.055338
1 0.00784483
1 0.124052
1 0.00888218
1 0.0336147
1 0.0111131
12 0.0611432
1 0.0507627
1 0.0104946
1 0.0333524
1 0.0454334
1 0.0452814
1 0.0274352
1 0.0262948
12 0.0614675
1 0.0339937
1 0.0390962
8 0.0276184
8 0.0476941
8 0.0297182
8 0.0483765
8 0.046852
8 0.0320176
8 0.102817
4 0.0807099
4 0.0312002
4 0.0143772
4 0.0101799
4 0.00578615
4 0.00653391
4 0.0185083
4 0.0137525
4 0.0346465
4 0.0325039
4 0.010504
4 0.00987836
4 0.0178243
4 0.00792284
4 0.0170454
4 0.0137655
4 0.00813509
4 0.0238382
4 0.0153037
4 0.0152919
4 0.0190212
4 0.0234957
4 0.0276543
4 0.00659849
4 0.0226887
4 0.00751052
4 0.0186547
4 0.011245
4 0.00580523
4 0.0140805
4 0.0317104
4 0.0352316
4 0.0151052
4 0.0271518
4 0.00579556
4 0.0150199
4 0.00645593
4 0.00759196
4 0.02366
4 0.0329475
3 0.465948
0 0.00484789
0 0.0791226
0 0.0296064
0 0.0978598
0 0.015378
0 0.10437
0 0.0685384
0 0.192423
0 0.00389681
0 0.073192
0 0.153991
0 0.166534
0 0.153537
0 0.0561916
0 0.0095481
0 0.122746
0 0.161177
0 0.0593375
0 0.169068
0 0.0737777
0 0.0176223
0 0.10334
0 0.121355
0 0.0540222
0 0.105816
0 0.0385556
0 0.202563
3 0.127764
3 0.11827
0 0.0842457
3 0.146087
0 0.122706
0 0.0682114
0 0.0973717
0 0.0144296
0 0.126423
0 0.0126355
0 0.0112379
0 0.0262704
0 0.0731611
0 0.0637772
3 0.13609
0 0.0586604
0 0.0305685
0 0.0419786
0 0.117964
0 0.116372
0 0.135501
0 0.112858
0 0.127461
3 0.138479
0 0.0407938
0 0.0613933
0 0.0545685
0 0.14671
0 0.126476
0 0.0760466
0 0.017851
0 0.15271
0 0.0102821
0 0.00880971
0 0.134717
0 0.0547212
0 0.0148678
0 0.114454
0 0.0374448
3 0.118969
3 0.0958687
3 0.101036
3 0.0917106
3 0.11768
3 0.0562159
3 0.0980257
3 0.0756056
3 0.103872
3 0.181453
14 0.41872
14 0.0203466
14 0.0149023
14 0.0128672
14 0.0160493
14 0.0232441
14 0.0293542
14 0.0148013
14 0.0108152
14 0.0172766
14 0.0132889
14 0.00849785
14 0.00985976
14 0.0225054
14 0.0134089
14 0.00967303
14 0.0156109
14 0.0180591
14 0.0108258
14 0.0162415
14 0.0288917
14 0.0223001
14 0.0191049
14 0.0155152
14 0.0129707
14 0.0168654
14 0.245045
2 0.0654727
2 0.0496743
2 0.0329883
2 0.0906548
2 0.0494765
2 0.142452
2 0.0329793
2 0.0365718
2 0.208432
2 0.12464
2 0.14154
2 0.0780826
2 0.0659058
2 0.203038
2 0.0936289
2 0.0123131
2 0.1446
2 0.0488687
2 0.0996705
2 0.0941972
2 0.141437
2 0.0172641
2 0.00623841
2 0.0562611
2 0.0602041
2 0.0428388
2 0.0961622
2 0.0392348
2 0.038352
2 0.0450608
2 0.00951588
2 0.0873452
2 0.025696
2 0.00970238
2 0.0607609
2 0.119732
2 0.0991252
2 0.0314162
2 0.0402953
2 0.00932917
2 0.0231436
2 0.00829087
2 0.0107982
2 0.0107198
2 0.0114764
2 0.0580494
2 0.0776213
2 0.0228788
2 0.0577449
2 0.0351271
2 0.119834
2 0.204881
2 0.262129
2 0.279489
2 0.230853
2 0.269683
2 0.255648
2 0.264782
13 0.706287
13 0.0317549
13 0.0211152
13 0.0209866
13 0.0312252
13 0.0392136
13 0.0203164
13 0.0125968
13 0.0129199
13 0.0138337
13 0.0183148
13 0.0336383
13 0.0164428
13 0.0141009
13 0.013857
13 0.0149009
13 0.0335635
13 0.040803
13 0.0304829
13 0.0193132
13 0.0209667
13 0.0364431
11 0.446981
11 0.0533902
11 0.0274369
11 0.0888349
11 0.0638841
11 0.070184
11 0.159948
11 0.134059
11 0.276265
11 0.187795
11 0.161443
11 0.108486
11 0.254846
11 0.0843287
11 0.180752
11 0.204809
11 0.121979
11 0.0995682
11 0.200238
11 0.135441
11 0.0801476
11 0.0744034
11 0.0214696
11 0.072062
11 0.0290304
11 0.00854689
11 0.0384993
11 0.0867594
11 0.0292563
11 0.0135597
11 0.144042
11 0.111124
11 0.129378
11 0.0153518
11 0.106515
11 0.0143231
11 0.0695084
11 0.0315562
11 0.0803937
11 0.0292319
11 0.0415508
11 0.0118931
11 0.0175404
11 0.072821
11 0.0605974
11 0.210623
11 0.454861
11 0.436492
11 0.380586
11 0.415894
11 0.455888
10 0.796791
15 0.0250559
15 0.0128691
15 0.0092089
15 0.00654025
15 0.0133892
15 0.0190882
15 0.0259135
15 0.0106884
15 0.0064373
15 0.010705
15 0.0141616
15 0.017568
15 0.00993379
15 0.00495716
15 0.0158665
15 0.0140779
15 0.0171855
15 0.00866265
15 0.0119629
15 0.0190709
15 0.00986468
15 0.00542471
15 0.0179953
15 0.0294978
15 0.0134719
15 0.00769929
15 0.0123969
15 0.00703719
15 0.00599931
15 0.0260951
9 0.46954
5 0.0246385
5 0.0975237
5 0.015185
5 0.0136564
5 0.0593399
5 0.131768
5 0.0226676
5 0.0302691
5 0.12497
5 0.132505
5 0.0681535
5 0.0641017
5 0.053533
5 0.183372
5 0.0342707
5 0.0486257
5 0.100706
5 0.011466
5 0.117712
5 0.0571526
5 0.12105
5 0.0766033
5 0.0628021
5 0.0937015
5 0.0567158
5 0.12235
5 0.0460561
5 0.0358802
5 0.0406576
5 0.00718006
5 0.00894885
5 0.102999
5 0.0103815
5 0.0928552
5 0.0895117
5 0.0569682
5 0.0044028
5 0.0760845
5 0.0864033
9 0.0880691
5 0.0371764
9 0.13151
5 0.0671297
5 0.0213167
5 0.0523223
5 0.073415
5 0.0656048
5 0.0095303
5 0.105543
5 0.0305261
5 0.0850802
5 0.0152757
5 0.00753719
5 0.0631472
5 0.0521356
9 0.117524
9 0.134971
9 0.0920473
9 0.114072
9 0.118796
9 0.103373
9 0.107638
9 0.754813
7 0.0489463
7 0.0366263
7 0.0328022
7 0.0453576
7 0.0593927
7 0.041326
7 0.0289328
7 0.0274165
7 0.0275951
7 0.0293981
7 0.0436309
7 0.0317337
7 0.0285652
7 0.0276733
7 0.0282611
7 0.0339179
7 0.0582885
7 0.0481317
7 0.037387
7 0.0355978
7 0.0399135
7 0.726802
16 0.0159194
16 0.0719563
16 0.0732557
16 0.0400735
16 0.103873
16 0.114442
16 0.0498451
16 0.244263
16 0.254069
16 0.168532
16 0.010963
16 0.269384
16 0.195463
16 0.0526759
16 0.180832
16 0.0496711
16 0.126699
16 0.188697
16 0.190089
16 0.123741
16 0.00937735
16 0.113842
16 0.080008
16 0.100984
16 0.0836929
16 0.0965747
16 0.0237109
16 0.0427664
16 0.0345858
16 0.0438403
16 0.0904756
16 0.102208
16 0.103566
16 0.0431475
16 0.0107428
16 0.0641446
16 0.0904401
16 0.0720295
16 0.0179322
16 0.0130961
16 0.0570528
16 0.101098
16 0.0388291
16 0.015333
16 0.0410433
16 0.0375532
16 0.406008
16 0.400348
16 0.352956
16 0.372548
16 0.397721
16 0.525475
6 0.770855
6 0.0395407
6 0.0297909
6 0.0214991
6 0.0256111
6 0.0297054
6 0.0439163
6 0.0298716
6 0.0169213
6 0.0201747
6 0.0173675
6 0.0166289
6 0.0166959
6 0.0328293
6 0.0325189
6 0.0183242
6 0.0176858
6 0.0210727
6 0.0171999
6 0.0192536
6 0.0351856
6 0.0423274
6 0.0328399
6 0.0219911
6 0.0214768
6 0.0244255
6 0.0446779
1 0.515507
1 0.00905387
1 0.0440846
12 0.039784
1 0.0580811
12 0.0102797
12 0.00441737
1 0.0650636
12 0.044746
12 0.00953196
12 0.103044
12 0.00291252
1 0.0315358
12 0.104473
12 0.00383993
1 0.0614135
12 0.0156615
12 0.0551351
12 0.00359469
1 0.0317917
12 0.0328009
12 0.0521236
8 0.100014
1 0.0416717
1 0.0403289
1 0.0187011
1 0.0498687
1 0.0231771
1 0.0406407
1 0.0629763
1 0.0305962
1 0.0548312
12 0.0295902
1 0.0585868
12 0.0212247
1 0.0283601
12 0.0517363
8 0.0985472
1 0.00915404
1 0.0614935
1 0.0104716
1 0.0244782
1 0.0239481
1 0.0462178
1 0.0338316
1 0.044825
1 0.0833593
12 0.0338344
1 0.0314089
1 0.0344365
1 0.0280276
12 0.0302436
8 0.117837
8 0.0351417
8 0.0314054
8 0.0187897
8 0.0101982
8 0.00955283
8 0.00656942
3 1.06651
4 0.0303098
4 0.0209369
4 0.0233102
4 0.0115452
4 0.0132833
4 0.00582367
4 0.0131585
4 0.0275693
4 0.0330059
4 0.0214509
4 0.0173598
4 0.011739
4 0.00824311
4 0.0190196
4 0.0135532
4 0.0220811
4 0.00375347
4 0.0135329
4 0.0120766
4 0.028858
4 0.0179257
4 0.00571636
4 0.0160055
4 0.0138861
4 0.00973866
4 0.0186528
4 0.0064521
4 0.0303881
4 0.0232169
4 0.0203042
4 0.0319018
4 0.0295852
4 0.0145302
4 0.0126862
4 0.0173538
4 0.0137314
4 0.0243653
4 0.00536272
4 0.0306716
4 0.662335
0 0.120754
0 0.125036
0 0.137769
0 0.0711854
0 0.0300983
0 0.0460018
0 0.0556066
0 0.0315041
0 0.0504556
0 0.0557258
0 0.0077739
0 0.0605944
0 0.188411
0 0.114508
0 0.0819198
0 0.0456765
0 0.156973
0 0.138033
0 0.0818364
0 0.0171032
0 0.00681337
0 0.19331
0 0.0578045
0 0.00529589
0 0.00445179
0 0.0331038
0 0.0820547
0 0.0534763
3 0.118415
0 0.0352603
3 0.115235
0 0.0870988
0 0.0720504
0 0.0306062
0 0.0293352
0 0.122503
0 0.0127765
0 0.0152797
0 0.0830425
0 0.0251816
0 0.0124816
0 0.0284324
0 0.00888233
0 0.0629122
0 0.0563903
0 0.0648157
0 0.167756
3 0.153606
3 0.112284
0 0.0644581
3 0.161232
0 0.130283
0 0.0185977
0 0.0253557
0 0.127209
0 0.0236948
0 0.0928778
0 0.0218446
0 0.158578
0 0.0150866
0 0.0657599
0 0.050688
0 0.112572
0 0.0112685
0 0.0301328
0 0.00615871
0 0.0719329
3 0.129808
3 0.111578
3 0.0993766
3 0.0717574
3 0.107742
3 0.0859876
3 0.0660153
3 0.116999
3 0.0625437
3 0.417601
14 0.0304423
14 0.018161
14 0.0123541
14 0.01171
14 0.0177447
14 0.029889
14 0.0189486
14 0.00822777
14 0.00979331
14 0.0130495
14 0.0117972
14 0.0111168
14 0.018822
14 0.0215078
14 0.0112989
14 0.00969343
14 0.0118455
14 0.0104454
14 0.00878405
14 0.0213366
14 0.0286594
14 0.0208357
14 0.0119863
14 0.0134307
14 0.0136402
14 0.0285597
2 0.611013
2 0.0207973
2 0.0700845
2 0.0598052
2 0.0151478
2 0.112723
2 0.0370981
2 0.109311
2 0.0836943
2 0.0722349
2 0.204975
2 0.0993672
2 0.0224084
2 0.178879
2 0.0997971
2 0.0657209
2 0.0941278
2 0.0802684
2 0.0792181
2 0.0827049
2 0.115934
2 0.141629
2 0.125776
2 0.0105288
2 0.0295568
2 0.0113208
2 0.00898621
2 0.0437839
2 0.0299681
2 0.0635185
2 0.016843
2 0.0372734
2 0.0112323
2 0.0199213
2 0.0732369
2 0.0327644
2 0.0859733
2 0.0760834
2 0.00828425
2 0.102198
2 0.0246244
2 0.0540464
2 0.0300581
2 0.022427
2 0.0375775
2 0.0269491
2 0.0199035
2 0.0145365
2 0.0193998
2 0.0220428
2 0.0299504
2 0.0405201
2 0.2749
2 0.269556
2 0.264849
2 0.204699
2 0.261376
2 0.267935
2 0.392088
13 0.044031
13 0.0264036
13 0.0186879
13 0.0240173
13 0.0391931
13 0.0302746
13 0.0147395
13 0.0135861
13 0.0128924
13 0.0145941
13 0.0309955
13 0.0255239
13 0.0148431
13 0.0137875
13 0.0128252
13 0.0167747
13 0.0367774
13 0.0338593
13 0.0228115
13 0.019587
13 0.0262317
13 0.242804
11 0.118018
11 0.0130612
11 0.0452312
11 0.0409223
11 0.172303
11 0.0939602
11 0.0878915
11 0.286775
11 0.204629
11 0.196064
11 0.0604478
11 0.260058
11 0.181934
11 0.0696415
11 0.203738
11 0.0671157
11 0.142959
11 0.11966
11 0.22362
11 0.143299
11 0.0380452
11 0.0641177
11 0.0495204
11 0.0654867
11 0.0777495
11 0.0805739
11 0.0496914
11 0.101124
11 0.00853303
11 0.02926
11 0.113453
11 0.183148
11 0.159421
11 0.0818541
11 0.062609
11 0.0160954
11 0.031926
11 0.0395997
11 0.0548285
11 0.00958018
11 0.0187826
11 0.0759364
11 0.0851572
11 0.00914556
11 0.157637
11 0.393863
11 0.476515
11 0.435074
11 0.383552
11 0.432016
11 0.488389
15 0.217131
15 0.0203538
15 0.0130004
15 0.00822271
15 0.00689055
15 0.0115268
15 0.0268996
15 0.0251709
15 0.0114485
15 0.0203791
15 0.00966138
15 0.0127525
15 0.0133923
15 0.0223443
15 0.0115593
15 0.0190436
15 0.0136944
15 0.0201991
15 0.0137983
15 0.00909185
15 0.0112825
15 0.0251852
15 0.0140337
15 0.0254029
15 0.0257879
15 0.0157165
15 0.00727654
15 0.00729787
15 0.00975346
15 0.0160257
15 0.249423
5 0.100168
5 0.110241
5 0.00950733
5 0.0720052
5 0.0877612
5 0.0891682
5 0.00744444
5 0.0872024
5 0.0269072
5 0.0913273
5 0.0832714
5 0.155197
5 0.0122943
5 0.123155
5 0.0715512
5 0.137772
5 0.0446043
5 0.0600765
5 0.0930475
5 0.00851888
5 0.0483923
5 0.0832426
5 0.122849
9 0.0837088
5 0.0127272
9 0.113447
5 0.113437
5 0.0463239
5 0.0378275
5 0.0809603
5 0.0273424
5 0.0497729
5 0.0461224
5 0.0536648
5 0.0567417
5 0.0319901
5 0.0458925
5 0.0115485
5 0.0727106
5 0.128063
5 0.0637005
9 0.107739
9 0.129966
5 0.0105588
5 0.0181248
9 0.111694
5 0.053305
5 0.00954347
5 0.0646123
5 0.079225
5 0.0309494
5 0.0975036
5 0.0978168
5 0.0299066
5 0.0414962
9 0.106303
9 0.122846
9 0.130696
