10 0.0435869
10 0.0709606
5 0.0490784
5 0.0423913
5 0.0240694
5 0.0316783
5 0.0112277
5 0.00943316
5 0.012388
5 0.00690675
5 0.0107302
5 0.0342088
5 0.00955361
5 0.0124588
5 0.0134815
5 0.0149811
5 0.013848
5 0.0289752
5 0.033479
5 0.0302978
5 0.0340952
7 0.0231917
5 0.0258565
7 0.016987
5 0.0329237
7 0.0213582
7 0.0137697
7 0.0128776
7 0.0300617
7 0.0164075
7 0.0170197
7 0.0174733
7 0.00926008
7 0.00915872
7 0.00665954
7 0.00487894
7 0.00420219
7 0.00718154
7 0.0124051
7 0.00619589
7 0.00845523
7 0.0091187
7 0.00664228
7 0.0201618
1 0.0222715
7 0.0184842
7 0.015631
7 0.0125179
7 0.0128881
1 0.0207123
7 0.0230027
1 0.0245887
7 0.0195704
1 0.0215095
7 0.0104228
7 0.0103088
1 0.0147621
7 0.0199735
7 0.0239564
1 0.024177
1 0.0129664
1 0.0118957
7 0.0170863
7 0.0192366
7 0.0246894
1 0.0176938
1 0.0241178
1 0.0229606
1 0.00950254
1 0.0166289
1 0.0173887
1 0.00541119
1 0.0131372
1 0.0236985
1 0.00874703
1 0.0127844
1 0.011398
7 0.0157967
1 0.016774
1 0.00778166
1 0.020959
1 0.00720972
1 0.00640899
1 0.0139853
1 0.0187206
1 0.0132261
1 0.00630574
1 0.00733816
1 0.0160214
1 0.00956592
1 0.00545518
1 0.0152135
1 0.00560849
1 0.0215502
1 0.011993
1 0.0191942
1 0.00951609
1 0.00474747
1 0.011024
1 0.0117458
1 0.0131452
1 0.0194768
1 0.00768596
1 0.0115363
1 0.0116219
1 0.00868536
1 0.0168659
1 0.0168923
1 0.0118023
1 0.017218
1 0.00773069
1 0.00780292
1 0.018363
11 0.0146848
1 0.019066
11 0.0228397
11 0.0184324
1 0.0170898
11 0.0108046
1 0.0215063
1 0.0125424
1 0.00805616
1 0.0201799
1 0.00994953
1 0.0118574
1 0.0180005
1 0.00770702
1 0.0173067
11 0.0158856
1 0.0129384
1 0.0132976
1 0.0134293
11 0.0204368
1 0.0197912
11 0.0113386
11 0.00961488
11 0.0199614
1 0.0202372
11 0.00680838
11 0.0120405
1 0.0209116
1 0.0214115
11 0.0196063
11 0.0210846
11 0.0182477
11 0.0124304
11 0.00738148
11 0.0188172
11 0.0227226
11 0.013068
11 0.0079116
11 0.0195296
11 0.0194385
11 0.0177104
1 0.0102988
11 0.00921303
11 0.0134508
11 0.0141809
11 0.0153498
11 0.00721928
11 0.0147406
11 0.00611229
11 0.0167513
11 0.00636254
11 0.00912834
1 0.0154868
11 0.022235
11 0.00738949
11 0.00668976
11 0.0122617
11 0.00962958
11 0.0128637
11 0.00799348
11 0.00888983
11 0.008159
11 0.00817119
11 0.013197
11 0.0121711
11 0.00839383
11 0.0168618
11 0.0192961
11 0.00564668
11 0.00929808
11 0.015671
11 0.00688039
11 0.0058534
11 0.00836742
11 0.0102589
11 0.00622082
11 0.00679335
11 0.0103109
11 0.0101496
11 0.00942219
11 0.0143474
11 0.0222646
11 0.01267
11 0.0110707
11 0.0113957
11 0.00940632
11 0.0109346
11 0.0148213
11 0.0132181
11 0.00482011
11 0.00853616
11 0.0198598
11 0.00791594
11 0.0120006
11 0.0164402
11 0.010457
11 0.00522472
11 0.00932876
11 0.0101022
11 0.00616376
11 0.0155234
11 0.00832862
11 0.00791088
11 0.0134532
11 0.0081722
11 0.00942644
11 0.0085572
11 0.00679197
11 0.0124856
11 0.024546
11 0.0199682
11 0.018264
11 0.0143817
11 0.0119965
11 0.0196329
11 0.0156289
11 0.0155054
11 0.0259544
11 0.0194895
11 0.0229777
11 0.019777
11 0.0133879
11 0.0161898
11 0.0280816
11 0.0174303
11 0.0276815
11 0.016103
11 0.0242684
11 0.0220503
11 0.0175514
11 0.0171637
11 0.0190467
11 0.0268345
11 0.0196444
11 0.0249424
11 0.02347
11 0.029232
11 0.0212435
11 0.0272681
11 0.0212608
7 0.0372219
10 0.0541734
5 0.0474354
5 0.0699347
7 0.10489
3 0.105805
9 0.0248201
9 0.0369689
9 0.0172657
9 0.0115894
9 0.0164066
9 0.00427552
9 0.0355845
9 0.0170058
4 0.0251811
4 0.0195588
4 0.033013
4 0.0223309
4 0.0209755
9 0.027436
4 0.0163696
4 0.0288372
9 0.028124
4 0.0132847
4 0.0149564
4 0.0185575
4 0.0144795
4 0.0140979
4 0.0109455
4 0.0133862
4 0.0118858
4 0.0161606
0 0.0208749
4 0.0107226
4 0.0205443
0 0.0212166
4 0.0183963
4 0.0173035
4 0.019345
0 0.0165428
4 0.0160567
4 0.00885738
0 0.0189128
4 0.00829597
4 0.0250933
0 0.0174143
4 0.00446483
4 0.0212628
4 0.0242022
4 0.009914
4 0.00304162
4 0.0121944
4 0.0117316
4 0.0171274
4 0.0278737
4 0.0157787
0 0.0207365
4 0.00165861
4 0.00330599
4 0.00625749
4 0.0220276
0 0.0155009
12 0.0205188
4 0.0195686
4 0.00906313
4 0.00503935
4 0.0113799
12 0.0177025
4 0.00916948
0 0.0108648
4 0.00478403
4 0.0165185
4 0.0155804
4 0.0117804
0 0.0165481
4 0.0117772
4 0.0067454
4 0.0244769
12 0.0175434
0 0.0127713
4 0.0168453
4 0.0082468
0 0.0149992
4 0.0141698
4 0.0114387
0 0.0155604
0 0.0153314
4 0.0101109
4 0.0135234
0 0.015944
4 0.0165082
4 0.00856076
12 0.0153133
4 0.0189374
4 0.00722688
0 0.0123396
4 0.0137541
4 0.0215356
0 0.00914824
12 0.0168091
0 0.00878801
12 0.0151176
12 0.0135932
4 0.0214209
0 0.00527394
4 0.0154524
0 0.00766408
0 0.0115435
0 0.00568847
0 0.00670745
0 0.011568
4 0.0115237
0 0.0159181
0 0.00457257
0 0.0114738
12 0.00807811
4 0.0143613
4 0.0156688
0 0.0146983
2 0.0172526
2 0.0152116
12 0.0141408
4 0.0154596
4 0.0155605
2 0.0131936
2 0.0131553
0 0.026252
12 0.012535
12 0.010694
12 0.0106559
12 0.0105919
2 0.0154824
0 0.00686433
2 0.0160199
4 0.0142755
4 0.0151608
0 0.0126494
0 0.0114465
0 0.00849703
12 0.0105341
12 0.010888
0 0.00830777
2 0.0178653
2 0.0166781
0 0.00588059
0 0.0120139
2 0.00811735
8 0.015709
8 0.0161267
2 0.0127371
2 0.0173941
12 0.0147662
8 0.0143818
0 0.0128868
12 0.0107179
12 0.0117534
2 0.0111636
0 0.00436397
0 0.010933
2 0.01623
12 0.011572
0 0.0267117
12 0.0122734
12 0.0110168
0 0.00361149
2 0.0132969
0 0.00693804
0 0.00985556
2 0.0124516
12 0.0122033
12 0.00969043
0 0.00489534
12 0.00694453
12 0.00931231
2 0.0137952
0 0.00988269
2 0.0138906
2 0.0101975
2 0.0106909
12 0.0117058
0 0.00574555
8 0.0181838
2 0.00657863
2 0.00991445
0 0.00340604
0 0.0335979
0 0.0090804
8 0.0193177
2 0.0126686
2 0.00922245
0 0.0137308
0 0.0090019
2 0.00806391
12 0.00685771
0 0.005385
2 0.00742626
12 0.00632798
8 0.01963
2 0.0067697
12 0.00767048
2 0.00686913
2 0.00839487
12 0.00526548
12 0.0110379
8 0.00908602
0 0.00393481
12 0.00313917
12 0.00854595
2 0.0122117
0 0.00769613
12 0.00735415
12 0.0101629
8 0.0272984
8 0.010856
0 0.00797459
8 0.0180984
12 0.00755976
12 0.00968653
2 0.01337
12 0.0107964
12 0.00931547
0 0.00331442
12 0.00440132
0 0.00343304
0 0.00936174
2 0.00993558
8 0.0117392
12 0.00854409
12 0.0113004
12 0.0110948
8 0.0156045
12 0.0116965
2 0.00656378
8 0.0134382
0 0.00217188
12 0.00896182
0 0.00849912
2 0.00951597
12 0.00765646
0 0.00491399
12 0.00620763
2 0.0097495
0 0.0104887
12 0.0033028
0 0.00857426
0 0.00691132
12 0.00644814
12 0.0090024
8 0.0168895
12 0.0110395
12 0.00410848
2 0.00854446
8 0.0198615
2 0.00815739
0 0.00817776
2 0.00715739
0 0.00669031
2 0.00851922
2 0.00602283
8 0.0118951
2 0.00877477
0 0.00411225
2 0.0154304
2 0.00985954
2 0.00669158
0 0.00415958
8 0.0198287
12 0.00233413
0 0.00843923
0 0.0169701
2 0.0105768
0 0.0101605
2 0.0125023
2 0.00357837
2 0.0101786
12 0.00311477
12 0.00582636
2 0.00854081
0 0.00382188
0 0.00629338
2 0.00531377
12 0.0034165
12 0.00739757
8 0.0123497
0 0.0133536
12 0.0102584
0 0.00947507
2 0.00598448
2 0.0110659
0 0.00835198
2 0.00744117
0 0.0190367
0 0.00262358
2 0.0044761
0 0.00533923
2 0.0118765
2 0.00564457
8 0.00865009
0 0.0186244
12 0.00601832
12 0.00898381
12 0.00337517
8 0.00703847
0 0.00528248
0 0.00305821
2 0.00636749
12 0.00944774
0 0.00531543
0 0.00690316
12 0.00251665
0 0.00653777
8 0.0107481
12 0.00179465
12 0.00668255
2 0.00402843
12 0.0110248
2 0.0122787
0 0.00380704
12 0.0105955
0 0.00531203
8 0.00878873
12 0.00695765
12 0.00574551
12 0.0107681
12 0.00166738
12 0.00580676
12 0.0050314
2 0.00559736
12 0.00675092
12 0.00686701
12 0.00973926
0 0.00614781
12 0.0069219
12 0.0045823
12 0.00316282
12 0.00529996
2 0.005345
8 0.0118968
0 0.0266463
12 0.00722143
12 0.00580866
8 0.0128192
2 0.0110519
8 0.0113027
2 0.0113325
2 0.0111032
8 0.0138152
12 0.00998225
12 0.00517586
8 0.00812217
2 0.00501222
12 0.00929133
12 0.00849421
12 0.00838883
12 0.00482797
12 0.00887371
12 0.0047581
2 0.00367789
12 0.0120168
2 0.00599422
12 0.0107858
12 0.00422703
12 0.0040476
0 0.0100017
2 0.00433917
2 0.00744307
2 0.00918885
12 0.00196033
2 0.00666104
12 0.00784547
8 0.00944314
2 0.0125728
2 0.0044656
12 0.00952495
12 0.00993316
12 0.0063374
2 0.00438151
8 0.00666441
12 0.00302587
12 0.00963446
2 0.00725679
0 0.0065293
8 0.00798456
8 0.00639917
8 0.0193169
0 0.0100327
2 0.0060593
2 0.00512936
12 0.00615332
0 0.008101
8 0.00753112
8 0.0105436
0 0.00807106
0 0.0048407
12 0.00430065
2 0.00366543
12 0.00864622
2 0.00383983
8 0.015954
8 0.00669737
2 0.00816487
2 0.00738378
0 0.0072677
0 0.00565193
12 0.00740213
12 0.00546633
8 0.0196858
8 0.00657663
0 0.0049799
0 0.00729935
2 0.00402343
2 0.0095131
12 0.00956185
8 0.0107014
8 0.00650555
8 0.0120001
8 0.0136906
12 0.0114903
0 0.0208165
8 0.00725729
2 0.01178
2 0.00832206
8 0.00982977
12 0.00692412
0 0.0115687
2 0.00628717
0 0.0087792
12 0.00601041
8 0.00906385
2 0.0123235
8 0.00793302
2 0.0153153
2 0.00889207
12 0.0113352
8 0.00548597
8 0.00764386
8 0.0140686
12 0.00811885
12 0.00686879
2 0.00787605
12 0.00657397
2 0.0117562
2 0.00590437
2 0.0124684
12 0.00831867
8 0.00876681
0 0.0114302
8 0.0185646
2 0.01358
8 0.00706977
8 0.00570692
12 0.0114024
12 0.00749486
12 0.0111937
0 0.00957025
2 0.00837102
2 0.00880927
8 0.0140898
8 0.0122444
12 0.0125611
0 0.00847903
8 0.0172225
2 0.00652626
2 0.0101452
2 0.00963702
12 0.00764339
0 0.00870981
8 0.0184699
2 0.00432106
0 0.0345016
8 0.0053746
12 0.0132858
0 0.0116522
12 0.0110794
12 0.0104031
2 0.00685247
12 0.00966182
8 0.0103629
8 0.0134721
12 0.0143564
8 0.0144655
8 0.00968659
12 0.0111507
0 0.0104791
12 0.00938845
12 0.00714804
12 0.00925149
0 0.014839
0 0.0133322
0 0.0099921
2 0.014194
12 0.0122925
8 0.0147853
2 0.0124259
2 0.0132814
12 0.00673093
0 0.0120585
8 0.00949377
0 0.0124331
12 0.00389066
12 0.0111058
8 0.00849898
2 0.012443
2 0.0105981
2 0.0120378
2 0.0120544
2 0.0139969
2 0.00806436
8 0.0124096
8 0.00873096
12 0.0111504
12 0.0116028
8 0.0159488
8 0.0134832
8 0.00624421
12 0.00931481
12 0.0149539
8 0.00891672
12 0.0124864
8 0.00919965
2 0.0125995
8 0.00624133
8 0.012255
0 0.0141746
8 0.0148834
2 0.0097649
2 0.0111724
2 0.0135282
2 0.0124957
2 0.0112164
12 0.0117801
2 0.0113124
8 0.0143177
12 0.00752029
0 0.00526867
2 0.0100738
12 0.00867056
12 0.00824309
0 0.0126887
2 0.00654552
12 0.0119921
12 0.0137752
0 0.0118962
8 0.0146636
0 0.0130323
0 0.0120707
12 0.00969403
8 0.0148004
8 0.00739914
2 0.0113453
12 0.00883508
2 0.00966739
2 0.0141733
8 0.0103859
8 0.0102521
12 0.0110114
12 0.0101679
0 0.0137086
2 0.0166463
2 0.00745604
2 0.0103922
8 0.0352203
12 0.00766695
0 0.0146037
8 0.0104468
8 0.0110751
12 0.0127698
0 0.00935554
8 0.0153999
2 0.00791721
12 0.0114996
2 0.0105249
0 0.0132604
12 0.00851217
8 0.0273983
2 0.0164461
2 0.0100169
8 0.0236638
12 0.00936134
0 0.0109134
2 0.0133471
2 0.0102735
12 0.0113611
12 0.00822737
12 0.0130968
8 0.0108469
0 0.0126523
12 0.0125403
8 0.00985701
8 0.0149322
2 0.0171302
12 0.0112745
0 0.00954947
0 0.00987337
2 0.0171969
9 0.0432383
10 0.0567722
5 0.0845922
5 0.0402682
7 0.0410779
7 0.0312335
7 0.0402701
1 0.0377484
1 0.037728
1 0.042824
1 0.0418727
3 0.0440481
3 0.0439543
3 0.0333352
3 0.0201477
3 0.0440647
3 0.0379322
3 0.0148952
3 0.0141375
3 0.0299509
3 0.0105522
3 0.00355914
3 0.0110448
3 0.00877647
3 0.00435861
3 0.0106527
3 0.00815856
3 0.0123553
3 0.00602307
3 0.0203073
3 0.0163471
3 0.0116398
3 0.0204061
3 0.0265325
3 0.00212326
3 0.00554369
3 0.0238321
6 0.0209455
6 0.0230313
3 0.0194566
3 0.0209206
3 0.016833
6 0.0204426
6 0.0258099
3 0.00643876
3 0.0158864
6 0.0121535
3 0.0217732
6 0.0209977
3 0.0250806
6 0.0150419
6 0.0183255
3 0.0265081
3 0.0130369
3 0.0214708
3 0.0235891
6 0.0239724
6 0.014858
6 0.0199438
6 0.00773276
6 0.00890521
6 0.00935781
6 0.0136466
6 0.0107532
6 0.0177642
6 0.00845917
6 0.0133615
6 0.0155475
6 0.0093198
6 0.0194461
6 0.0142239
6 0.00968541
6 0.00435544
6 0.00674968
6 0.0135838
6 0.00260806
6 0.00183822
6 0.00943564
6 0.0031021
6 0.00534508
6 0.00492286
6 0.00593168
6 0.00285928
6 0.00794911
6 0.01357
6 0.00798861
6 0.0116828
6 0.00303032
6 0.00459302
6 0.00417104
6 0.00711201
6 0.00461449
6 0.00636388
6 0.00711016
6 0.00527927
6 0.00631887
6 0.00216949
6 0.00809194
6 0.0026201
6 0.00294887
6 0.00388365
6 0.00754702
6 0.00185065
6 0.00752593
6 0.00384838
6 0.0235691
6 0.00346786
6 0.00261919
6 0.0181733
6 0.00423593
6 0.00298563
6 0.0143827
6 0.00499102
6 0.00554283
6 0.0246126
6 0.0149709
6 0.010508
6 0.0147888
6 0.00586913
6 0.0196481
6 0.016215
6 0.00622462
6 0.00646326
6 0.0129364
6 0.0119642
6 0.0180135
6 0.0098762
6 0.003162
6 0.00632878
6 0.00674864
6 0.00663149
6 0.0149006
6 0.00490905
6 0.0134543
6 0.00655262
6 0.00866919
6 0.00437477
6 0.0169663
6 0.00615297
6 0.0075279
6 0.013171
6 0.00839961
6 0.0110612
6 0.00351421
6 0.023403
6 0.0182041
6 0.00509589
6 0.0172007
6 0.0218161
6 0.0124456
6 0.013139
6 0.0136591
