8 6.95243e-18
5 2.3209e-06
6 1.38868e-06
1 1.49e-06
0 3.02688e-06
7 2.77954e-06
6 1.32006e-06
1 1.52402e-06
0 3.02688e-06
9 3.46649e-06
4 1.64584e-06
2 2.59255e-06
2 2.7445e-06
4 1.55127e-06
2 2.75244e-06
3 2.41583e-06
3 2.13024e-06
3 3.1393e-06
7 3.87657e-06
5 3.06672e-06
1 2.87098e-06
9 1.86041e-06
0 1.72843e-06
7 2.56864e-06
1 2.94578e-06
9 1.70226e-06
0 1.50769e-06
4 3.97814e-06
2 2.12796e-06
2 4.23044e-06
4 1.79856e-06
2 1.8575e-06
3 2.2286e-06
3 1.90482e-06
3 1.77392e-06
7 3.25556e-06
5 2.3209e-06
6 1.32006e-06
1 1.52402e-06
0 3.02688e-06
7 3.5181e-06
6 3.2804e-06
1 1.60238e-06
0 3.02688e-06
9 3.46649e-06
4 1.64584e-06
2 1.89044e-06
2 3.69763e-06
4 1.5291e-06
2 2.75244e-06
3 2.70208e-06
3 2.60593e-06
7 3.03935e-06
7 3.81362e-06
5 2.70255e-06
1 2.94578e-06
9 1.70226e-06
0 1.50769e-06
7 2.56864e-06
1 2.94578e-06
9 1.53511e-06
0 1.59052e-06
3 3.32343e-06
2 2.46772e-06
2 3.58886e-06
4 3.82819e-06
2 2.12796e-06
3 2.39466e-06
3 1.90482e-06
3 1.67082e-06
7 3.2685e-06
5 2.2132e-06
6 1.28967e-06
1 1.60238e-06
0 3.02688e-06
7 3.5181e-06
6 3.2804e-06
1 1.60238e-06
0 3.02688e-06
9 3.46649e-06
4 1.65696e-06
2 1.85258e-06
2 3.87451e-06
4 1.71747e-06
2 2.48712e-06
3 2.95777e-06
3 2.53671e-06
3 2.63451e-06
7 3.43476e-06
5 2.70255e-06
1 2.94578e-06
9 1.53511e-06
0 1.59052e-06
6 1.75954e-06
1 2.78714e-06
9 1.74033e-06
0 1.44129e-06
3 3.32343e-06
2 2.67654e-06
2 3.24624e-06
4 3.31697e-06
2 2.46772e-06
3 2.39466e-06
3 1.90482e-06
3 1.84595e-06
7 3.31859e-06
5 2.16551e-06
6 1.28967e-06
1 1.60238e-06
0 3.02688e-06
7 3.15564e-06
6 2.86844e-06
1 1.74018e-06
9 2.90102e-06
9 3.46649e-06
4 1.48552e-06
2 1.65506e-06
2 3.87451e-06
4 1.61981e-06
2 2.27866e-06
3 2.77191e-06
3 2.53671e-06
3 2.63451e-06
7 3.43476e-06
5 2.65545e-06
1 2.63261e-06
9 1.74033e-06
0 1.44129e-06
6 1.75954e-06
1 2.78714e-06
9 1.74033e-06
0 1.44129e-06
3 3.32343e-06
2 2.67654e-06
2 3.28031e-06
4 3.46435e-06
2 2.46772e-06
3 2.50501e-06
3 2.38235e-06
3 2.33631e-06
7 4.08183e-06
5 3.3479e-06
6 1.28967e-06
1 1.74018e-06
9 2.90102e-06
7 3.15564e-06
6 2.00798e-06
1 3.88122e-06
9 2.99857e-06
9 3.46649e-06
4 1.48552e-06
2 1.56802e-06
2 4.01476e-06
4 1.43467e-06
2 2.41417e-06
3 2.77191e-06
3 2.69306e-06
3 2.24473e-06
7 3.67033e-06
5 2.65545e-06
1 2.63261e-06
9 1.74033e-06
0 1.44129e-06
7 2.91451e-06
6 2.86543e-06
1 3.95912e-06
0 1.49966e-06
3 3.22266e-06
2 2.75573e-06
2 2.94557e-06
4 3.25505e-06
2 2.67654e-06
3 2.04216e-06
3 2.38235e-06
3 2.6484e-06
7 4.60284e-06
5 3.3479e-06
6 1.28967e-06
1 1.66923e-06
9 2.99857e-06
7 3.15564e-06
6 2.00798e-06
1 3.93071e-06
9 2.6219e-06
9 3.46649e-06
4 1.48552e-06
2 1.56802e-06
2 2.76239e-06
4 3.01804e-06
2 2.41417e-06
3 2.7515e-06
3 2.90121e-06
3 2.22104e-06
5 2.73459e-06
7 3.26662e-06
6 2.10835e-06
1 3.95912e-06
0 1.49966e-06
7 3.49568e-06
6 2.55403e-06
1 3.60113e-06
0 1.60642e-06
3 3.13099e-06
2 2.75573e-06
2 3.02282e-06
4 3.30156e-06
2 2.75573e-06
3 2.01309e-06
3 2.36813e-06
3 3.00345e-06
3 3.00667e-06
5 2.61556e-06
6 1.28967e-06
1 1.52709e-06
9 2.6219e-06
7 3.15564e-06
6 2.00798e-06
1 3.93071e-06
9 2.6219e-06
9 3.46649e-06
4 1.75968e-06
2 1.96755e-06
2 3.03592e-06
4 3.01804e-06
2 2.41417e-06
3 2.7515e-06
3 2.84114e-06
3 2.47088e-06
5 2.80791e-06
7 3.26662e-06
6 2.00798e-06
1 3.60113e-06
0 1.60642e-06
7 3.55174e-06
1 2.87722e-06
9 2.31672e-06
0 1.7522e-06
3 3.06765e-06
4 2.16877e-06
2 3.1687e-06
4 2.01666e-06
7 3.23903e-06
3 2.01309e-06
3 2.36813e-06
3 3.05627e-06
3 3.00228e-06
5 1.87775e-06
6 2.86844e-06
1 1.52709e-06
9 2.6219e-06
7 3.22321e-06
6 2.22281e-06
1 3.93071e-06
9 2.6219e-06
7 3.20938e-06
4 2.89541e-06
2 2.03541e-06
2 2.87734e-06
4 3.22694e-06
2 1.96755e-06
3 3.23708e-06
3 2.58645e-06
3 2.36179e-06
5 2.80791e-06
7 3.26662e-06
6 2.00798e-06
1 3.60113e-06
0 1.7522e-06
7 3.28183e-06
1 2.7135e-06
9 2.31672e-06
0 1.7522e-06
3 3.06765e-06
4 2.0997e-06
2 2.96966e-06
4 2.01666e-06
7 3.12194e-06
3 2.15282e-06
3 2.55821e-06
3 2.76475e-06
3 2.94337e-06
5 2.40227e-06
6 3.07685e-06
1 1.52709e-06
9 2.6219e-06
7 3.22321e-06
6 2.22281e-06
1 3.60113e-06
0 3.24757e-06
7 3.20938e-06
4 2.89541e-06
2 2.03541e-06
2 2.87734e-06
4 2.05725e-06
7 3.05836e-06
3 3.23708e-06
3 2.58645e-06
3 2.36179e-06
5 2.80791e-06
7 3.26662e-06
6 2.00798e-06
1 3.60113e-06
0 1.7522e-06
7 3.61956e-06
1 2.87098e-06
9 2.31672e-06
0 1.7522e-06
3 2.91513e-06
4 2.11381e-06
2 2.96966e-06
4 2.11965e-06
7 3.34633e-06
3 2.14331e-06
3 2.53901e-06
3 2.66972e-06
3 2.94337e-06
5 2.40227e-06
7 3.27936e-06
1 2.87722e-06
9 2.6219e-06
7 3.22321e-06
6 1.84202e-06
1 3.4663e-06
7 1.92278e-06
0 2.216e-06
4 3.12726e-06
2 1.71642e-06
2 2.9864e-06
4 1.61315e-06
2 3.19141e-06
3 3.17429e-06
3 2.55317e-06
3 1.85634e-06
5 3.1232e-06
5 3.99557e-06
6 2.57577e-06
1 3.60113e-06
0 1.7522e-06
7 3.61956e-06
1 2.87098e-06
9 1.86041e-06
0 3.05993e-06
3 3.38404e-06
4 2.05725e-06
2 2.96966e-06
4 1.79856e-06
2 1.81958e-06
7 3.39932e-06
3 2.53864e-06
3 2.60697e-06
3 2.85592e-06
5 2.40227e-06
7 3.27936e-06
1 2.87722e-06
9 2.53092e-06
0 2.05745e-06
6 1.38868e-06
1 1.49e-06
9 2.77667e-06
0 2.216e-06
4 3.43017e-06
2 1.81958e-06
2 2.75887e-06
4 1.45227e-06
2 3.04103e-06
3 3.19146e-06
3 2.55317e-06
3 1.77006e-06
7 3.87657e-06
5 3.06672e-06
6 2.57577e-06
1 3.60113e-06
0 1.79547e-06
7 3.71131e-06
1 2.87098e-06
9 1.86041e-06
0 2.95288e-06
3 3.43998e-06
4 1.61315e-06
2 3.26658e-06
4 1.79856e-06
2 1.81958e-06
7 3.52922e-06
3 2.86468e-06
3 2.71466e-06
3 2.29661e-06
5 2.3209e-06
6 1.38868e-06
1 2.72596e-06
9 2.53092e-06
0 2.05745e-06
6 1.32006e-06
1 1.52402e-06
0 3.02688e-06
7 2.5234e-06
4 3.43017e-06
2 1.81958e-06
2 2.7445e-06
4 1.55127e-06
2 3.04103e-06
3 2.55272e-06
3 2.07108e-06
3 1.77006e-06
7 3.87657e-06
5 3.06672e-06
6 2.57577e-06
1 3.60113e-06
0 1.81443e-06
7 3.5404e-06
1 2.94578e-06
9 1.70226e-06
0 2.83113e-06
3 3.4603e-06
4 1.39411e-06
2 3.26658e-06
4 1.79856e-06
2 1.8575e-06
7 3.72225e-06
3 2.86468e-06
3 2.71466e-06
3 2.29661e-06
5 2.3209e-06
6 1.32006e-06
1 2.75369e-06
9 2.53092e-06
0 2.05745e-06
6 1.28967e-06
1 1.60238e-06
0 3.02688e-06
7 2.22372e-06
4 3.77135e-06
2 1.8575e-06
2 2.83461e-06
4 1.5291e-06
2 2.75244e-06
7 2.47466e-06
3 1.76838e-06
3 1.8779e-06
7 3.81362e-06
5 2.70255e-06
1 2.94578e-06
9 2.31672e-06
0 1.81443e-06
7 3.5404e-06
1 2.94578e-06
9 1.53511e-06
0 1.59052e-06
3 3.10083e-06
4 1.5603e-06
2 1.68192e-06
4 3.82819e-06
2 2.12796e-06
7 3.84633e-06
3 2.61344e-06
3 2.28975e-06
3 2.20298e-06
5 2.2132e-06
6 1.28967e-06
1 2.78714e-06
9 2.29691e-06
0 1.82697e-06
6 1.4344e-06
1 1.60238e-06
0 3.02688e-06
7 2.38376e-06
4 3.58896e-06
2 2.12796e-06
2 3.13333e-06
4 1.71747e-06
2 2.48712e-06
7 2.49184e-06
3 1.90482e-06
3 1.77392e-06
7 4.00096e-06
5 2.70255e-06
1 2.94578e-06
7 2.50156e-06
0 3.02688e-06
7 3.5181e-06
1 2.63261e-06
9 1.74033e-06
0 1.44129e-06
3 3.05612e-06
4 1.38796e-06
2 1.68192e-06
4 3.31697e-06
2 2.46772e-06
3 2.39466e-06
3 2.9044e-06
3 2.21756e-06
3 2.30535e-06
5 2.16551e-06
6 1.28967e-06
1 1.60238e-06
9 2.66483e-06
0 1.72843e-06
6 1.75954e-06
1 1.74018e-06
9 2.90102e-06
7 2.38376e-06
4 3.65387e-06
2 2.46772e-06
2 3.13333e-06
4 1.61981e-06
2 2.27866e-06
7 2.61367e-06
3 1.90482e-06
3 1.67082e-06
7 3.89505e-06
5 2.65545e-06
1 2.63261e-06
7 2.50156e-06
0 3.02688e-06
7 3.5181e-06
1 2.63261e-06
9 1.74033e-06
0 1.44129e-06
3 3.05612e-06
4 1.64584e-06
2 1.89044e-06
4 3.31697e-06
2 2.46772e-06
3 2.50501e-06
3 2.6885e-06
3 2.13024e-06
3 2.40154e-06
5 2.16551e-06
6 1.28967e-06
1 1.74018e-06
9 2.6131e-06
0 1.72843e-06
6 1.75954e-06
1 1.66923e-06
9 2.99857e-06
9 3.46649e-06
4 3.42507e-06
2 2.46772e-06
2 3.13333e-06
4 1.43467e-06
2 2.41417e-06
3 2.77191e-06
7 2.95406e-06
3 1.84595e-06
7 4.08183e-06
5 2.65545e-06
1 2.63261e-06
7 2.50156e-06
0 3.02688e-06
7 3.15564e-06
6 2.10835e-06
1 3.95912e-06
0 1.49966e-06
3 2.89553e-06
4 1.64584e-06
2 1.89044e-06
4 3.31697e-06
2 2.67654e-06
3 2.04216e-06
3 2.78212e-06
3 2.60593e-06
3 2.40154e-06
5 2.16551e-06
6 1.28967e-06
1 1.66923e-06
9 2.80323e-06
0 1.50769e-06
6 1.75954e-06
1 1.52709e-06
9 2.6219e-06
9 3.46649e-06
4 3.42507e-06
2 2.67654e-06
2 3.28031e-06
4 1.63603e-06
2 2.41417e-06
3 2.7515e-06
7 3.00262e-06
3 2.33631e-06
7 4.08183e-06
5 2.20625e-06
6 2.10835e-06
1 3.95912e-06
0 3.24757e-06
7 3.15564e-06
6 2.00798e-06
1 3.60113e-06
0 1.60642e-06
3 3.13099e-06
7 3.15008e-06
2 1.85258e-06
4 3.76422e-06
2 2.75573e-06
3 2.01309e-06
3 2.36813e-06
7 2.95406e-06
3 2.63451e-06
5 2.16551e-06
6 1.28967e-06
1 1.52709e-06
9 2.2927e-06
0 1.59052e-06
6 1.75954e-06
1 1.52709e-06
9 2.6219e-06
9 3.46649e-06
4 3.42507e-06
2 2.75573e-06
2 2.94557e-06
4 1.72476e-06
2 2.41417e-06
3 2.7515e-06
7 3.00262e-06
3 2.6484e-06
7 4.60284e-06
5 2.20625e-06
6 2.00798e-06
1 3.60113e-06
0 3.24757e-06
7 3.15564e-06
6 2.00798e-06
1 3.60113e-06
0 1.7522e-06
3 3.06765e-06
4 3.01804e-06
2 1.65506e-06
4 3.76422e-06
2 2.75573e-06
3 2.01309e-06
3 2.36813e-06
7 2.95406e-06
3 2.63451e-06
5 2.60416e-06
6 3.55913e-06
1 1.52709e-06
9 2.6219e-06
7 2.38376e-06
6 1.75954e-06
1 1.52709e-06
9 2.6219e-06
7 3.20938e-06
4 2.89541e-06
7 3.23903e-06
2 2.94557e-06
4 2.07153e-06
2 1.96755e-06
3 3.23708e-06
7 3.00262e-06
3 2.69531e-06
3 3.00667e-06
5 1.87775e-06
6 2.00798e-06
1 3.60113e-06
0 3.24757e-06
7 3.15564e-06
6 2.00798e-06
1 3.60113e-06
0 1.7522e-06
3 3.06765e-06
4 3.01804e-06
2 1.56802e-06
4 3.89453e-06
2 2.8275e-06
3 2.15282e-06
3 2.55821e-06
7 2.95406e-06
3 2.24473e-06
5 2.67005e-06
6 3.55913e-06
1 1.52709e-06
9 2.6219e-06
7 2.38376e-06
7 2.91451e-06
1 2.87722e-06
9 2.6219e-06
7 3.20938e-06
4 2.89541e-06
7 3.12194e-06
2 3.1687e-06
4 2.01666e-06
2 1.96755e-06
3 3.23708e-06
3 2.58645e-06
7 2.81181e-06
3 3.00228e-06
5 1.87775e-06
6 2.00798e-06
1 3.60113e-06
0 1.7522e-06
7 2.80754e-06
6 2.22281e-06
1 3.60113e-06
0 1.7522e-06
3 2.91513e-06
4 2.11381e-06
2 3.18396e-06
2 2.76239e-06
4 2.16877e-06
3 2.14331e-06
3 2.53901e-06
7 2.95406e-06
3 2.22104e-06
5 2.73459e-06
3 4.04783e-06
1 2.87722e-06
9 2.6219e-06
7 1.67676e-06
7 3.49568e-06
1 2.87722e-06
9 2.53092e-06
0 2.216e-06
4 3.12726e-06
7 3.34633e-06
2 3.1687e-06
4 2.01666e-06
2 2.03541e-06
3 3.17429e-06
3 2.55317e-06
7 2.72301e-06
3 2.94337e-06
5 2.40227e-06
6 2.22281e-06
1 3.60113e-06
0 1.7522e-06
7 2.80754e-06
6 2.22281e-06
1 3.60113e-06
0 1.79547e-06
3 3.38404e-06
4 2.05725e-06
7 3.05836e-06
2 3.03592e-06
4 2.0997e-06
3 2.36168e-06
3 2.53864e-06
3 2.60697e-06
3 2.96798e-06
5 2.80791e-06
3 4.04783e-06
1 2.87722e-06
9 2.53092e-06
0 2.05745e-06
7 2.81383e-06
1 2.87722e-06
9 2.53092e-06
0 2.216e-06
4 3.43017e-06
7 3.22425e-06
2 2.96966e-06
4 2.11965e-06
2 1.71642e-06
3 3.19146e-06
3 2.55317e-06
7 2.72301e-06
3 2.94337e-06
5 2.40227e-06
6 2.22281e-06
1 3.60113e-06
0 1.79547e-06
7 2.94032e-06
6 2.22281e-06
1 3.60113e-06
0 1.81443e-06
3 3.43998e-06
4 1.61315e-06
2 3.19141e-06
2 2.87734e-06
4 2.05725e-06
3 2.18597e-06
3 2.86468e-06
3 2.71466e-06
3 2.96798e-06
5 2.80791e-06
3 4.04783e-06
1 2.87722e-06
9 2.53092e-06
0 2.05745e-06
7 2.65961e-06
1 2.7135e-06
9 2.53092e-06
0 2.216e-06
4 3.43017e-06
2 1.81958e-06
2 4.18697e-06
4 1.79856e-06
2 1.77136e-06
3 2.55272e-06
3 2.07108e-06
3 1.77006e-06
7 3.40737e-06
5 2.40227e-06
6 2.22281e-06
1 3.60113e-06
0 1.81443e-06
7 3.5404e-06
6 3.35949e-06
1 3.4663e-06
0 1.81443e-06
3 3.4603e-06
4 1.39411e-06
2 3.19141e-06
2 2.87734e-06
4 2.05725e-06
3 2.18597e-06
3 2.86468e-06
3 2.71466e-06
3 2.96798e-06
5 2.80791e-06
7 3.90175e-06
1 2.7135e-06
9 2.53092e-06
0 2.05745e-06
7 2.80251e-06
1 2.87098e-06
9 2.29691e-06
0 1.82697e-06
4 3.77135e-06
2 1.8575e-06
2 4.00438e-06
4 1.79856e-06
2 1.81958e-06
3 2.36848e-06
3 1.76838e-06
3 1.8779e-06
7 3.15754e-06
5 2.89128e-06
6 1.84202e-06
1 3.4663e-06
0 1.81443e-06
7 3.5404e-06
6 3.35949e-06
1 1.49e-06
0 3.02688e-06
3 3.72724e-06
4 1.5603e-06
2 1.68192e-06
2 3.59809e-06
4 1.61315e-06
3 3.13843e-06
3 2.61344e-06
3 2.28975e-06
3 2.20298e-06
5 3.77454e-06
5 3.99557e-06
1 2.87098e-06
9 2.29691e-06
0 1.82697e-06
7 2.80459e-06
1 2.87098e-06
9 1.86041e-06
0 1.72843e-06
4 3.58896e-06
2 2.12796e-06
2 4.23044e-06
4 1.79856e-06
2 1.8575e-06
3 2.2286e-06
3 1.90482e-06
3 1.77392e-06
7 3.25556e-06
5 2.3209e-06
6 1.38868e-06
1 1.49e-06
0 3.02688e-06
7 3.5181e-06
6 3.37344e-06
1 1.52402e-06
0 3.02688e-06
3 3.63044e-06
4 1.38796e-06
2 1.68192e-06
2 3.59402e-06
4 1.45227e-06
2 2.75244e-06
3 2.41583e-06
3 2.21756e-06
3 2.30535e-06
7 3.43476e-06
5 3.06672e-06
1 2.87098e-06
9 1.86041e-06
0 1.72843e-06
6 1.75954e-06
1 2.78714e-06
9 1.86041e-06
0 1.72843e-06
4 3.65387e-06
2 2.46772e-06
2 3.13333e-06
4 2.63969e-06
2 1.8575e-06
3 2.2286e-06
3 1.90482e-06
3 1.67082e-06
7 3.89505e-06
5 3.3479e-06
6 1.32006e-06
1 1.52402e-06
0 3.02688e-06
7 3.5181e-06
6 3.2804e-06
1 1.60238e-06
0 3.02688e-06
3 3.63044e-06
4 1.64584e-06
2 1.89044e-06
2 3.75056e-06
4 1.55127e-06
2 2.75244e-06
3 2.41583e-06
3 2.13024e-06
3 2.40154e-06
7 3.43476e-06
5 3.06672e-06
1 2.87098e-06
9 1.86041e-06
0 1.72843e-06
6 1.75954e-06
1 2.78714e-06
9 1.70226e-06
0 1.50769e-06
4 3.65387e-06
2 2.46772e-06
2 3.13333e-06
4 2.63969e-06
2 2.12796e-06
3 2.39466e-06
3 1.90482e-06
3 1.84595e-06
7 4.08183e-06
5 3.3479e-06
6 1.28967e-06
1 1.60238e-06
0 3.02688e-06
7 3.15564e-06
6 2.10835e-06
1 3.96647e-06
9 2.90102e-06
3 3.63044e-06
4 1.64584e-06
2 1.89044e-06
4 3.31697e-06
4 3.28372e-06
2 2.75244e-06
3 2.70208e-06
3 2.60593e-06
3 2.40154e-06
7 3.43476e-06
5 2.70255e-06
1 2.94578e-06
9 1.70226e-06
0 1.50769e-06
6 1.75954e-06
1 2.78714e-06
9 1.53511e-06
0 1.59052e-06
4 3.65387e-06
2 2.67654e-06
2 3.28031e-06
4 3.46435e-06
2 2.46772e-06
3 2.50501e-06
3 2.38235e-06
3 2.33631e-06
7 4.08183e-06
5 3.3479e-06
6 1.28967e-06
1 1.74018e-06
9 2.90102e-06
7 3.15564e-06
6 2.00798e-06
1 3.88122e-06
9 2.99857e-06
3 3.63044e-06
4 1.65696e-06
2 1.85258e-06
4 3.76422e-06
7 3.29888e-06
2 2.48712e-06
3 2.95777e-06
3 2.53671e-06
3 2.63451e-06
5 2.16551e-06
7 2.37331e-06
1 2.94578e-06
9 1.53511e-06
0 1.59052e-06
6 1.75954e-06
1 1.52709e-06
9 2.31672e-06
0 1.44129e-06
4 3.65387e-06
2 2.75573e-06
2 2.94557e-06
4 1.72476e-06
7 2.94041e-06
3 2.04216e-06
3 2.38235e-06
3 2.6484e-06
7 4.60284e-06
