12 0.00872822
12 0.000728875
12 0.000726489
12 0.000718829
12 0.000729295
12 0.000726489
12 0.000727233
12 0.00072798
12 0.000719338
12 0.000728875
12 0.000730567
12 0.00072798
12 0.00073838
4 0.360615
11 0.0332829
11 0.0332812
11 0.0332897
11 0.0332828
11 0.0332817
11 0.0332901
11 0.0332831
11 0.0332811
11 0.0332902
11 0.0332831
11 0.0332839
9 0.233095
9 0.0387502
9 0.0387531
9 0.03875
9 0.0387517
9 0.0387405
9 0.0387512
9 0.0387476
9 0.0387537
9 0.0387514
9 0.0387408
9 0.0387514
9 0.0387495
9 0.0387515
9 0.0387417
9 0.0387505
9 0.0387477
9 0.0387519
9 0.0387504
9 0.0387459
9 0.0387452
9 0.0387536
9 0.0387505
9 0.03875
9 0.0387431
9 0.0387491
9 0.0387501
9 0.0387438
9 0.0387502
9 0.0387423
9 0.0387495
9 0.0387522
9 0.0387496
9 0.0387514
9 0.0387398
9 0.0387524
9 0.0387505
9 0.0387522
9 0.0387399
9 0.0387522
9 0.0387453
9 0.0387567
9 0.0387452
9 0.0387469
9 0.038745
9 0.0387547
9 0.0387505
9 0.0387501
9 0.0387421
9 0.0387496
9 0.0387487
9 0.0387522
9 0.0387501
9 0.038743
9 0.0387485
9 0.0387523
9 0.0387498
9 0.0387534
9 0.0387388
9 0.0387534
9 0.03875
9 0.0387517
9 0.0387405
9 0.0387512
9 0.0387476
9 0.0387537
9 0.038746
9 0.0387462
9 0.0387514
9 0.0387495
9 0.0387515
9 0.0387487
9 0.0387435
9 0.0387477
9 0.0387519
9 0.0387504
9 0.0387525
9 0.0387395
9 0.0387527
9 0.0387505
9 0.386497
7 0.00875184
7 0.00870238
7 0.00871791
7 0.00876927
7 0.00871038
7 0.00867856
7 0.00871463
7 0.00872589
7 0.00866297
7 0.008752
7 0.00872519
7 0.00872776
7 0.00866537
7 0.00873016
7 0.00871038
7 0.00866723
7 0.00876826
7 0.00871463
7 0.00867856
7 0.00871038
7 0.00873016
7 0.00873016
7 0.00869143
7 0.00871856
7 0.00873016
7 0.00866297
7 0.00872589
7 0.00871463
7 0.00872589
7 0.00869962
7 0.00873584
7 0.00871038
7 0.00866723
7 0.00872589
7 0.00873016
7 0.00871463
7 0.00869536
7 0.00873016
7 0.00873016
7 0.00866297
7 0.00871463
7 0.00872589
7 0.00875783
7 0.00867198
7 0.00871607
7 0.00873016
7 0.00866297
7 0.00872589
7 0.00871888
7 0.00869406
7 0.00872718
7 0.00873016
7 0.00871463
7 0.00867856
7 0.00871038
7 0.00876686
7 0.00866297
7 0.00871334
7 0.00873287
7 0.00873016
7 0.00866297
7 0.00871888
7 0.00875831
7 0.00866297
7 0.00873016
7 0.00871463
7 0.00872589
7 0.00866297
7 0.393916
4 0.0163878
4 0.0163972
4 0.0163872
4 0.016397
4 0.0163878
4 0.0163966
4 0.0163878
4 0.0163949
4 0.0163879
4 0.0163957
4 0.0163878
11 0.440373
0 0.0456751
0 0.0455866
0 0.0456405
0 0.0455936
0 0.0455875
0 0.0456466
0 0.0455811
0 0.0456466
0 0.0455875
0 0.0455866
0 0.0456405
0 0.0455881
0 0.0456466
0 0.0455875
0 0.0456466
6 0.213906
6 0.0207226
6 0.0207162
6 0.0207262
6 0.0207292
6 0.0207134
6 0.0207266
6 0.0207316
6 0.0207134
6 0.0207262
6 0.0207165
6 0.0207261
6 0.0207264
6 0.0207162
6 0.020729
6 0.0207296
6 0.0207134
6 0.0207262
6 0.0207284
6 0.0207142
6 0.0207266
6 0.0207159
6 0.0207291
6 0.0207269
6 0.880986
5 0.304302
5 0.00527758
5 0.00530801
5 0.00530538
5 0.00528483
5 0.00533395
5 0.00528521
5 0.00530523
5 0.00529821
5 0.00529167
5 0.00529821
5 0.00530178
5 0.00531652
5 0.00530402
5 0.00528148
5 0.00530523
5 0.00529694
5 0.00530456
5 0.00530388
5 0.00530551
5 0.00530523
5 0.00528344
5 0.00530605
5 0.00527745
5 0.00533733
5 0.00530017
5 0.00528483
5 0.00530801
5 0.0052843
5 0.00530523
5 0.00533031
5 0.00528679
5 0.00529821
5 0.00529431
5 0.00529544
5 0.00530801
5 0.0052995
5 0.00531553
5 0.00529694
5 0.00529544
1 0.666873
1 0.749801
1 0.519912
8 0.677857
8 0.853792
5 0.415331
5 0.0054987
5 0.00532891
5 0.00531048
5 0.00528568
5 0.00529821
5 0.00529431
5 0.00529544
5 0.00532664
5 0.00528904
5 0.00530523
5 0.00528693
5 0.00530245
5 0.00529721
5 0.00530337
5 0.00532354
5 0.00528693
5 0.00530523
5 0.00527745
5 0.00531519
5 0.00530571
5 0.00530404
5 0.00530418
5 0.0052822
5 0.00530801
5 0.00530538
5 0.00528483
5 0.00533031
5 0.00528941
5 0.00529544
5 0.00530801
5 0.00528167
5 0.00530801
5 0.00529695
5 0.00531802
5 0.00530853
5 0.00528107
5 0.00530523
5 0.00528693
5 0.00531566
3 0.594872
3 0.221247
3 0.450939
5 0.0113175
5 0.00529694
5 0.00529544
5 0.00529345
5 0.00530238
5 0.00532859
5 0.00527745
5 0.0053124
5 0.00528508
5 0.00530771
5 0.00530593
5 0.00529473
5 0.00530601
5 0.0052843
5 0.00530523
5 0.0052843
5 0.00530523
5 0.00532768
5 0.00529187
5 0.00530523
5 0.00528693
5 0.00530523
5 0.00529544
5 0.00530128
5 0.00531719
5 0.00529431
5 0.00529544
5 0.00530523
5 0.00528693
5 0.00531447
5 0.00530343
5 0.00530587
5 0.00529631
5 0.00528453
5 0.0053124
5 0.00527745
5 0.00533608
5 0.00528016
5 0.00530446
5 0.240181
1 0.88596
2 0.23547
2 0.313181
8 1.15097
8 1.26578
8 0.784386
10 0.769129
5 0.00935086
5 0.00529896
5 0.00530993
5 0.00529544
5 0.00529345
5 0.00529903
5 0.00528483
5 0.00533141
5 0.00530605
5 0.00528483
5 0.00530816
5 0.00528483
5 0.00529821
5 0.00532693
5 0.00528672
5 0.00530523
5 0.0052843
5 0.00530523
5 0.005288
5 0.0053189
5 0.00531655
5 0.00528693
5 0.00530523
5 0.00528693
5 0.00530245
5 0.00531483
5 0.00530402
5 0.00529544
5 0.00528745
5 0.00530538
5 0.00530523
5 0.00528745
5 0.00533222
5 0.0052822
5 0.00530099
5 0.0053124
5 0.00527745
5 0.00530801
5 0.00530005
5 0.363838
3 0.41534
3 0.690571
5 0.0515496
5 0.00439475
5 0.00528568
5 0.00529821
5 0.00530242
5 0.00532281
5 0.00529544
5 0.00529694
5 0.00529544
5 0.00529431
5 0.005309
5 0.00531837
5 0.00528693
5 0.00530523
5 0.00528693
5 0.00530523
5 0.00530865
5 0.00529784
5 0.00530993
5 0.00527483
5 0.00531519
5 0.00527483
5 0.00530801
5 0.00533141
5 0.00528568
5 0.00529821
5 0.00529431
5 0.00530245
5 0.00530099
5 0.00530437
5 0.00531099
5 0.00529431
5 0.00529544
5 0.00530523
5 0.00528693
5 0.00532066
5 0.0052979
5 0.00530532
5 0.00529937
5 0.00528916
1 0.524625
10 0.873266
2 0.313181
2 0.970834
8 0.871993
8 0.306625
8 0.774914
5 0.0122527
5 0.00447275
5 0.00528693
5 0.00530523
5 0.00529821
5 0.00529431
5 0.00532163
5 0.00529689
5 0.00530523
5 0.00529544
5 0.00529431
5 0.00529544
5 0.00529008
5 0.00532941
5 0.00530523
5 0.00528693
5 0.00530523
5 0.00528483
5 0.00530099
5 0.00533005
5 0.0052818
5 0.00531519
5 0.00527483
5 0.00530801
5 0.00528383
5 0.005327
5 0.00530252
5 0.00529431
5 0.00530245
5 0.00528693
5 0.00530523
5 0.00532176
5 0.00529742
5 0.00529544
5 0.00529694
5 0.00529544
5 0.00530523
5 0.00529131
5 0.0053271
5 0.00528483
3 0.584714
3 0.513141
5 0.620998
5 0.00748212
5 0.00530523
5 0.00527745
5 0.00533847
5 0.00527569
5 0.00530801
5 0.00530538
5 0.00528483
5 0.00530099
5 0.00530551
5 0.0053068
5 0.00530801
5 0.00529167
5 0.00529821
5 0.00529431
5 0.00531483
5 0.00531258
5 0.00528693
5 0.00530523
5 0.00528693
5 0.00530523
5 0.00531057
5 0.00530107
5 0.00530245
5 0.00528693
5 0.00530523
5 0.00527745
5 0.00530801
5 0.00532941
5 0.00528483
5 0.00530816
5 0.0052822
5 0.00530808
5 0.00530706
5 0.00530195
5 0.00530483
5 0.00529431
5 0.00529544
5 0.00530801
1 0.760386
1 0.551373
2 0.313187
2 0.241307
8 0.935966
10 0.977771
11 0.033283
11 0.0332812
11 0.0332902
11 0.033283
11 0.0332809
11 0.0332902
11 0.0332828
11 0.0332842
11 0.033286
11 0.0332854
11 0.0332866
11 0.157422
9 0.0387407
9 0.0387515
9 0.0387507
9 0.0387503
9 0.0387505
9 0.0387427
10 0.0402963
10 0.127443
10 0.127444
10 0.0500486
10 0.0541532
10 0.0435935
9 0.137451
9 0.0475489
9 0.225097
10 0.220868
9 0.081206
9 0.0941734
9 0.0821467
9 0.145668
9 0.142387
9 0.148703
9 0.068044
9 0.0899255
9 0.0948794
10 0.0863954
9 0.0420446
9 0.0671812
9 0.175608
10 0.078947
10 0.0997145
10 0.127444
10 0.127437
10 0.130539
10 0.242872
9 0.0387416
9 0.0387503
9 0.0387459
9 0.0387553
9 0.0387515
9 0.0387407
9 0.0387435
9 0.0387495
9 0.0387515
9 0.0387475
9 0.0387447
9 0.0387477
9 0.131551
10 0.127393
10 0.127529
10 0.130559
10 0.0932166
10 0.0749182
10 0.202495
9 0.0671727
9 0.0504931
10 0.0779323
9 0.128707
9 0.0921199
9 0.0684958
9 0.155535
9 0.131391
9 0.103878
9 0.12324
9 0.0948778
9 0.0948774
9 0.203116
10 0.177352
9 0.0544367
9 0.10673
10 0.112227
10 0.0827295
10 0.091291
10 0.130565
10 0.127549
10 0.127066
9 0.0167516
9 0.0387505
9 0.0387481
9 0.0387495
9 0.0387421
9 0.0387562
9 0.0387462
9 0.038752
9 0.0387493
9 0.0387429
9 0.0387493
9 0.0387502
9 0.0233961
10 0.109478
10 0.0645654
10 0.0741249
10 0.114848
10 0.0634299
10 0.0459367
9 0.116464
9 0.0338562
9 0.236867
10 0.227136
9 0.0801419
9 0.0948758
9 0.126534
9 0.125218
9 0.119513
9 0.146315
9 0.0948774
9 0.0836596
9 0.140734
10 0.197501
9 0.0858022
9 0.0583013
10 0.195338
10 0.121131
10 0.114159
10 0.111688
10 0.0988773
10 0.110235
10 0.151191
9 0.0387502
9 0.038742
9 0.0387502
9 0.0387495
9 0.0387538
9 0.03875
7 0.812315
7 0.00875616
7 0.00868793
7 0.00876258
7 0.00871463
7 0.00872589
7 0.00866297
7 0.00873584
7 0.00873016
7 0.00868603
7 0.00872395
7 0.00873016
7 0.00871463
7 0.00867856
7 0.00871038
7 0.00873016
7 0.00869962
7 0.00871463
7 0.00872589
7 0.00872776
7 0.00866537
7 0.00873157
7 0.00871463
7 0.00869962
7 0.00873016
7 0.00872589
7 0.00866297
7 0.00871463
7 0.00872589
7 0.0087524
7 0.0086774
7 0.00871038
7 0.00873016
7 0.00866297
7 0.00873016
7 0.00872031
7 0.00876258
7 0.00866297
7 0.00873016
7 0.00871038
7 0.00867856
7 0.00871463
7 0.00875974
7 0.00871747
7 0.00866297
7 0.00872589
7 0.00873016
7 0.00866297
7 0.00871759
7 0.00876529
7 0.00873016
7 0.00866297
7 0.00871463
7 0.00872589
7 0.00866297
7 0.00876686
7 0.00871038
7 0.00866593
7 0.00872718
7 0.00873016
7 0.00871463
7 0.00866723
7 0.00876158
7 0.00873256
7 0.00866297
7 0.00872589
7 0.00871463
7 0.00872589
7 0.00869962
11 0.755102
4 0.0163877
4 0.0163964
4 0.0163876
4 0.0163946
4 0.0163878
4 0.0163967
4 0.0163886
4 0.0163967
4 0.0163878
4 0.0163964
4 0.0163878
0 0.972364
0 0.0456466
0 0.0455866
0 0.0456437
0 0.0455904
0 0.0455699
0 0.0456587
0 0.0455866
0 0.0456466
0 0.0455875
0 0.0456461
0 0.0455815
0 0.0455875
0 0.0456466
0 0.0455875
0 0.408072
6 0.0206962
6 0.0207321
6 0.0207098
6 0.0207298
6 0.0207292
6 0.0207134
6 0.0207292
6 0.0207242
6 0.0207168
6 0.020731
6 0.020713
6 0.0207266
6 0.0207292
6 0.020713
6 0.0207262
6 0.0207324
6 0.0207095
6 0.0207331
6 0.0207134
6 0.0207262
6 0.0207292
6 0.0207134
6 0.0207276
6 0.0207344
3 0.939682
5 0.0122388
5 0.00450056
5 0.00530004
5 0.00531283
5 0.00529914
5 0.00528483
5 0.00530538
5 0.00528483
5 0.00530099
5 0.00533929
5 0.00527483
5 0.00530801
5 0.00529167
5 0.00529821
5 0.00530801
5 0.00529931
5 0.00531258
5 0.00528693
5 0.00530523
5 0.00529821
5 0.00529431
5 0.0053169
5 0.00530206
5 0.00530245
5 0.00530466
5 0.00528233
5 0.00529544
5 0.00529008
5 0.00532941
5 0.00528483
5 0.00530816
5 0.00530523
5 0.00527745
5 0.00531411
5 0.00530195
5 0.00530483
5 0.00531519
5 0.00527483
5 0.00530801
5 0.0052843
1 0.673889
1 0.749804
1 0.894836
8 0.30567
8 0.779309
5 0.0122344
5 0.00440453
5 0.00528483
5 0.00530816
5 0.00530245
5 0.00528007
5 0.00533847
5 0.00527569
5 0.00530801
5 0.00530538
5 0.00528483
5 0.00530801
5 0.00529922
5 0.00531545
5 0.00529821
5 0.00529167
5 0.00529821
5 0.00529431
5 0.00531521
5 0.00531342
5 0.00528979
5 0.00529498
5 0.00529694
5 0.00529544
5 0.00528745
5 0.00533222
5 0.00530245
5 0.00528693
5 0.00530523
5 0.00527745
5 0.00530801
5 0.00533929
5 0.00527483
5 0.00531437
5 0.00527569
5 0.00530801
5 0.00530741
5 0.00530289
5 0.00530349
5 0.00529431
3 0.578466
3 0.498547
5 0.641923
5 0.00750905
5 0.00530801
5 0.00529744
5 0.00531734
5 0.00528703
5 0.00530532
5 0.00530523
5 0.00528693
5 0.00531606
5 0.00529848
5 0.00530605
5 0.00529544
5 0.00529694
5 0.00529544
5 0.00528745
5 0.00533784
5 0.00529967
5 0.00528483
5 0.00530816
5 0.0052822
5 0.00530099
5 0.00532734
5 0.0052809
5 0.00530801
5 0.0052843
5 0.00530523
5 0.00529431
5 0.00531483
5 0.00531258
5 0.00528693
5 0.00530523
5 0.00528693
5 0.00530523
5 0.00531557
5 0.00530329
5 0.00529544
5 0.00529345
5 0.00530605
5 0.00529544
1 0.782781
1 0.561329
2 0.313181
2 0.214619
8 0.860689
8 0.763342
8 0.853793
5 0.517274
5 0.0059361
5 0.00529544
5 0.00530895
5 0.00527957
5 0.00532677
5 0.00530232
5 0.00529498
5 0.00529431
5 0.00529544
5 0.00530523
5 0.00528855
5 0.00532979
5 0.00527745
5 0.00531519
5 0.00529544
5 0.00528745
5 0.00531492
5 0.00529684
5 0.00530883
5 0.00530816
5 0.0052822
5 0.00530816
5 0.00528483
5 0.00532309
5 0.00530794
5 0.00527712
5 0.00530523
5 0.00529431
5 0.00529544
5 0.00529852
5 0.00532002
5 0.00530523
5 0.00528693
5 0.00530523
5 0.00528693
5 0.00530985
5 0.00531755
5 0.00529345
5 0.00530605
3 0.624437
3 0.208405
3 0.457585
5 0.011933
5 0.00526777
5 0.00533279
5 0.0052822
5 0.00530735
5 0.00528568
5 0.00529821
5 0.00530801
5 0.00530134
5 0.00531051
5 0.00528693
5 0.00530523
5 0.00530569
5 0.00528404
5 0.00532509
5 0.00529362
5 0.00530523
5 0.00529544
5 0.00529694
5 0.00529544
5 0.00529008
5 0.00532941
5 0.00530523
5 0.00529431
5 0.00529544
