2 1.08171
2 1.44774
2 1.448
2 1.448
2 0.657418
8 0.236461
8 0.267988
3 0.275707
1 0.138698
1 0.139354
1 0.137896
1 0.139446
1 0.13922
1 0.139245
1 0.109497
6 0.264912
6 0.300891
6 0.311825
6 0.357744
6 0.11802
6 0.143833
5 0.453968
5 0.0160676
5 0.125045
5 0.0403924
5 0.0346876
5 0.0395065
5 0.0215125
5 0.0335867
5 0.179926
5 0.204608
5 0.0197474
5 0.0163518
5 0.0155206
5 0.0193357
5 0.0139915
5 0.0168804
5 0.0167089
5 0.0164303
5 0.0167125
5 0.0148681
5 0.284545
0 0.0949724
0 0.0319213
0 0.0950257
0 0.0320353
0 0.0185511
0 0.0638781
9 0.265344
4 0.553485
4 0.721375
8 0.304293
8 0.261265
2 0.336033
3 0.508511
6 0.361662
6 0.345587
6 0.394494
6 0.504966
5 0.0285998
5 0.0411536
5 0.0432821
5 0.0409139
5 0.0433003
5 0.0426026
5 0.0407326
5 0.0377884
5 0.0437855
5 0.0412656
5 0.0420393
5 0.0399446
5 0.041568
5 0.0386973
5 0.0454264
5 0.039499
5 0.0368542
5 0.0445888
5 0.0433492
5 0.0413407
5 0.0387396
5 0.0399776
5 0.0351386
5 0.0404065
5 0.0424826
5 0.0402406
5 0.0431925
5 0.0370383
5 0.0370034
5 0.0413638
5 0.0391496
5 0.0353224
5 0.0322572
5 0.393708
0 0.0949761
0 0.0316263
0 0.0949761
0 0.03158
0 0.0949761
0 0.0313831
0 0.0950257
9 0.194295
4 0.639644
4 0.364935
4 0.968392
8 0.266477
8 0.261087
3 0.418318
6 0.359221
6 0.348501
6 0.367895
6 0.423787
7 0.946186
5 0.0404843
5 0.041459
5 0.0409642
5 0.040319
5 0.0424694
5 0.0385097
5 0.0404292
5 0.0371154
5 0.0422436
5 0.0433544
5 0.0407047
5 0.039833
5 0.0392547
5 0.0416985
5 0.0406568
5 0.0336595
5 0.0424313
5 0.0411451
5 0.0431896
5 0.0404116
5 0.039071
5 0.0396846
5 0.0370961
5 0.0426337
5 0.0392245
5 0.0425774
5 0.037039
5 0.0376493
5 0.0412051
5 0.0400642
5 0.0371129
5 0.0333663
5 0.0314573
0 0.595709
0 0.0949315
0 0.0315414
0 0.0949761
0 0.0311962
0 0.0949761
0 0.0313986
0 0.0949761
4 0.523798
4 0.638922
4 1.1234
8 0.519367
8 0.266246
2 0.299187
3 0.457183
6 0.35006
6 0.36242
6 0.384126
6 0.570342
5 0.0429071
5 0.0427087
5 0.0435015
5 0.0404115
5 0.0428753
5 0.040505
5 0.0399398
5 0.0376283
5 0.0439981
5 0.0416516
5 0.0423088
5 0.03719
5 0.0433984
5 0.0393694
5 0.0420721
5 0.0393707
5 0.0402723
5 0.044776
5 0.0440248
5 0.0420011
5 0.0409153
5 0.0415245
5 0.0338797
5 0.0411676
5 0.0398236
5 0.043006
5 0.0409742
5 0.0382768
5 0.0375429
5 0.0421617
5 0.0374123
5 0.0383049
5 0.0340829
5 0.062292
0 0.0949389
0 0.0314544
0 0.0949713
0 0.0310093
0 0.0949761
0 0.030988
0 0.0949761
0 0.335589
4 0.639961
4 0.344416
4 1.15058
8 0.0400269
8 0.146896
2 0.353273
3 0.346636
6 0.0593715
6 0.038264
6 0.0674462
6 0.0905958
6 0.0823562
6 0.0780015
6 0.175905
6 0.374088
7 0.468176
7 0.325523
7 0.490292
0 0.0322749
0 0.0323492
0 0.0322498
9 0.322863
4 0.145312
8 0.127491
8 0.0937615
2 0.40312
3 0.429801
1 0.161509
6 0.159668
6 0.108667
6 0.0862783
6 0.0733921
6 0.0734327
6 0.0824418
6 0.0706351
6 0.0597915
6 0.110703
6 0.069143
6 0.197929
7 0.362241
7 0.235421
0 0.196792
0 0.0487655
0 0.0488826
4 0.244879
8 0.171278
8 0.148984
8 0.229549
3 0.330107
6 0.120973
6 0.0885798
6 0.0876025
6 0.0477865
6 0.0406178
6 0.0473606
6 0.0488094
6 0.0869608
6 0.0981494
6 0.0528119
6 0.143305
7 0.290233
7 0.268106
0 0.0525943
0 0.0181665
9 0.254264
8 0.588102
8 0.181515
8 0.173298
2 0.3499
3 0.354463
6 0.104618
6 0.0683158
6 0.0293733
6 0.0492565
6 0.0503483
6 0.0628765
6 0.0977852
6 0.0752182
6 0.0634007
6 0.106652
7 0.583995
7 0.216424
0 0.385101
0 0.0489204
0 0.0489418
4 0.207773
8 0.156166
8 0.178046
8 0.249339
3 0.299317
6 0.108723
6 0.0707281
6 0.0381777
6 0.0508086
6 0.0578285
6 0.0471298
6 0.0775739
6 0.068614
6 0.0936693
6 0.0373865
6 0.40808
7 0.167322
7 0.476701
0 0.0500077
0 0.0171598
9 0.233109
4 0.527517
8 0.176148
8 0.172693
2 0.295776
3 0.303594
6 0.141332
6 0.0498417
6 0.0415957
6 0.0396967
6 0.0603865
6 0.0704114
6 0.0915753
6 0.0753205
6 0.116974
6 0.0976436
6 0.53021
7 0.168363
7 0.502203
0 0.0491812
0 0.0168441
9 0.230915
4 0.520879
8 0.137528
8 0.17063
2 0.331494
3 0.332336
6 0.151138
6 0.0731811
1 0.128171
6 0.0507052
6 0.0392406
6 0.0557647
6 0.0534105
6 0.0710694
6 0.0648772
6 0.125501
6 0.0990814
6 0.247561
7 0.323549
7 0.258147
0 0.0488219
0 0.0171623
9 0.240603
8 0.565408
8 0.189949
8 0.180041
2 0.350451
3 0.351075
6 0.110371
6 0.0693862
6 0.046766
6 0.0503889
6 0.055318
6 0.0599125
6 0.0603923
6 0.0511685
6 0.105657
6 0.139102
6 0.481161
7 0.166075
9 0.533239
0 0.0171995
0 0.04884
9 0.321999
8 0.386933
8 0.174014
8 0.179832
3 0.450556
6 0.311195
6 0.102757
6 0.0641824
6 0.029729
6 0.0510816
6 0.0666825
6 0.0745579
6 0.0535772
6 0.0863347
6 0.0508203
6 0.0693228
6 0.369011
7 0.251376
7 0.227851
0 0.0488341
0 0.0490744
0 0.225431
4 0.301891
8 0.173494
8 0.172956
2 0.342748
3 0.351989
6 0.139844
6 0.0598705
6 0.0703924
6 0.0330539
6 0.0467813
6 0.0487643
6 0.0754494
6 0.0599954
6 0.114602
6 0.0950746
6 0.0415284
6 0.524719
7 0.17426
9 0.535642
0 0.0183413
0 0.0529728
9 0.257381
8 0.492572
8 0.154328
8 0.16467
3 0.441083
6 0.296098
6 0.0730651
6 0.0499923
6 0.0563839
6 0.0818131
6 0.0691324
6 0.0684466
6 0.0301807
6 0.0768227
6 0.100789
6 0.403204
7 0.180796
7 0.399656
0 0.049478
0 0.0495314
0 0.0643523
4 0.13275
8 0.167206
8 0.187702
8 0.44659
3 0.180063
6 0.127313
6 0.0797269
6 0.03642
6 0.0486829
6 0.0482544
6 0.0653298
6 0.0776669
6 0.0541489
6 0.125584
6 0.076729
6 0.438298
7 0.132503
7 0.270238
0 0.0480901
0 0.0482175
0 0.318999
4 0.347584
8 0.148654
8 0.138794
2 0.354418
3 0.358034
6 0.0786195
6 0.0570866
6 0.0339682
6 0.0569862
6 0.0478201
6 0.0635566
6 0.0592202
6 0.0969959
6 0.10047
6 0.370636
7 0.194373
7 0.176992
0 0.0416408
0 0.0509088
0 0.0509998
9 0.282479
4 0.598797
8 0.0930271
8 0.179063
3 0.268524
6 0.0892713
6 0.0592716
6 0.0689928
6 0.111492
6 0.0538896
6 0.0492374
6 0.061623
6 0.0588181
6 0.0645929
6 0.161948
7 0.367881
7 0.198567
9 0.483208
0 0.0435283
0 0.0437139
0 0.0436911
4 0.370246
8 0.319097
8 0.176096
2 0.297379
3 0.305122
6 0.0653548
6 0.0675756
6 0.077971
6 0.0621566
6 0.0672846
6 0.117941
6 0.0760009
6 0.103416
6 0.207718
7 0.4207
7 0.181217
0 0.403122
0 0.0456716
0 0.0191499
0 0.21142
4 0.174045
8 0.115034
8 0.127741
3 0.407574
6 0.23049
6 0.109258
6 0.0829526
6 0.0867618
6 0.0751082
6 0.10867
6 0.121245
6 0.171823
6 0.530082
7 0.513458
7 0.179393
0 0.0487897
0 0.0373863
0 0.0374109
0 0.037383
4 0.349753
8 0.416953
8 0.199718
2 0.295242
3 0.329451
6 0.0565655
6 0.0453282
6 0.077821
6 0.0774452
6 0.0727059
6 0.0932672
6 0.0880364
6 0.11243
6 0.220759
6 0.489063
7 0.191066
7 0.498255
0 0.0427724
0 0.04294
0 0.0429893
4 0.191229
8 0.049178
8 0.129309
2 0.368578
3 0.372206
6 0.0953828
6 0.0839399
6 0.113125
6 0.10426
6 0.0890674
6 0.0801754
6 0.243977
6 0.465214
7 0.536871
7 0.159559
0 0.033917
0 0.0455074
0 0.0685577
0 0.0469797
4 0.251176
8 0.262057
8 0.106543
2 0.329687
3 0.375486
6 0.102616
6 0.0924556
6 0.0985516
6 0.0877805
6 0.0817531
6 0.106432
6 0.134361
6 0.18447
6 0.624297
7 0.519996
7 0.149304
0 0.0346453
0 0.0347207
0 0.0348571
0 0.238948
4 0.142512
8 0.190109
8 0.100839
2 0.366641
3 0.413926
6 0.124825
6 0.10708
6 0.0960667
6 0.102908
6 0.109851
6 0.0858549
6 0.155613
6 0.354908
7 0.523446
7 0.462617
7 0.370814
0 0.0302651
0 0.0303742
0 0.0192096
0 0.0641514
4 0.438388
8 0.657027
8 0.191181
2 0.418987
3 0.279517
1 0.0445062
1 0.192749
6 0.222844
1 0.212396
6 0.211274
6 0.131191
6 0.208854
6 0.144821
6 0.311032
7 0.610055
5 0.532591
5 0.282313
5 0.247964
5 0.292103
5 0.193813
5 0.253912
5 0.612568
0 0.0949761
0 0.0303529
0 0.030435
0 0.0399195
0 0.0379362
9 0.299688
4 0.28043
8 0.199778
8 0.242925
2 0.337987
3 0.440076
1 0.0819775
1 0.0389333
1 0.0911423
6 0.166434
6 0.215301
6 0.0727106
6 0.052906
6 0.0783081
6 0.0663588
6 0.146779
6 0.237313
6 0.191937
6 0.170473
6 0.115775
6 0.174605
7 0.268602
7 0.245051
0 0.0585686
0 0.025754
9 0.222317
8 0.389009
8 0.148097
2 0.372104
3 0.425336
1 0.106008
1 0.102626
1 0.109322
1 0.125836
1 0.028426
1 0.029867
1 0.136795
1 0.177697
1 0.199226
6 0.103783
6 0.0709077
6 0.120754
6 0.13818
6 0.0975515
6 0.0901919
6 0.094052
6 0.0936098
6 0.157362
6 0.145493
6 0.100777
6 0.155201
6 0.111797
6 0.468143
7 0.332598
0 0.406915
0 0.0212526
9 0.466359
8 0.26157
8 0.186177
3 0.323517
6 0.0989613
6 0.0712413
6 0.183022
6 0.190975
6 0.102614
6 0.134708
6 0.122626
6 0.229235
6 0.259072
6 0.289064
6 0.205357
6 0.155529
6 0.229456
6 0.167268
6 0.157483
6 0.148301
6 0.604235
7 0.327383
0 0.10838
0 0.0869335
8 0.447172
8 0.262642
2 0.391211
3 0.411293
6 0.089258
6 0.100672
6 0.320521
6 0.376375
6 0.249079
6 0.239249
6 0.26111
6 0.160255
6 0.13989
6 0.391718
6 0.251701
6 0.286631
6 0.30345
7 0.538678
7 0.459891
0 0.0624474
9 0.278533
8 0.26104
8 0.182742
3 0.357672
6 0.0777337
6 0.0841397
6 0.18554
6 0.264269
6 0.171634
6 0.272934
6 0.286062
6 0.370184
6 0.280138
6 0.268831
6 0.140388
6 0.160894
6 0.203263
6 0.22459
6 0.183924
6 0.260666
7 0.317408
7 0.53268
0 0.0386019
9 0.177809
8 0.256388
8 0.21661
3 0.451362
6 0.340959
6 0.118323
6 0.131905
6 0.26222
6 0.165337
6 0.213095
6 0.214094
6 0.159013
6 0.123799
6 0.112047
6 0.22204
6 0.105205
6 0.116556
6 0.124017
6 0.159864
6 0.525248
7 0.392395
0 0.0623078
0 0.133767
8 0.399101
8 0.218575
2 0.359974
3 0.398634
6 0.0702922
6 0.108855
6 0.209467
6 0.226526
6 0.08546
6 0.218423
6 0.109094
6 0.127151
6 0.214418
6 0.0803926
6 0.131553
6 0.245024
6 0.241009
6 0.26553
6 0.106049
6 0.408894
7 0.329707
0 0.356008
0 0.0373597
9 0.39995
8 0.26111
8 0.199974
3 0.370047
6 0.105679
6 0.0844541
6 0.309922
6 0.154366
6 0.172662
6 0.186781
6 0.353431
6 0.252255
6 0.333654
6 0.218601
6 0.178338
6 0.258403
6 0.19759
6 0.219629
7 0.447632
7 0.610168
0 0.0611175
9 0.42517
8 0.235563
8 0.283583
3 0.225397
6 0.193895
6 0.0587118
6 0.344583
6 0.150538
6 0.248317
6 0.0834434
6 0.171889
6 0.261248
6 0.130849
6 0.194528
6 0.225919
6 0.150011
6 0.233703
6 0.161424
6 0.255802
7 0.188438
7 0.477709
0 0.0346473
0 0.0637267
4 0.453298
8 0.253109
8 0.326186
3 0.226737
6 0.0760844
6 0.0736021
6 0.0723637
6 0.259999
6 0.372871
6 0.443764
6 0.344323
6 0.186731
6 0.224851
6 0.343902
6 0.129551
6 0.274307
6 0.365228
6 0.187445
6 0.333455
6 0.531494
7 0.172104
0 0.450731
0 0.0494702
9 0.339878
8 0.217898
8 0.247164
3 0.40153
6 0.259793
6 0.214546
6 0.288386
6 0.175686
6 0.0741244
6 0.142459
6 0.0997185
6 0.167568
6 0.122275
6 0.205052
6 0.25968
6 0.204598
6 0.113447
6 0.227095
7 0.240588
7 0.445179
0 0.0338884
0 0.0636806
4 0.387292
8 0.245842
8 0.257856
3 0.402314
6 0.270444
6 0.173468
6 0.0948304
6 0.112477
6 0.113609
6 0.292797
6 0.498051
6 0.261919
6 0.21655
6 0.334016
6 0.329688
6 0.341573
6 0.224652
6 0.409106
6 0.0871287
6 0.117079
6 0.207039
6 0.331036
6 0.134622
6 0.194847
6 0.594827
7 0.425354
0 0.110379
0 0.0314668
8 0.525603
8 0.244712
2 0.39764
3 0.302905
6 0.109811
6 0.0563632
6 0.073352
6 0.0922335
6 0.213117
6 0.439687
6 0.274577
6 0.268836
6 0.283732
6 0.25382
6 0.338878
6 0.201941
6 0.407513
6 0.143551
6 0.165312
6 0.236156
6 0.332948
6 0.130837
6 0.208075
7 0.221239
9 0.66207
0 0.0328266
9 0.180404
8 0.17009
8 0.223103
3 0.526348
6 0.424472
6 0.260318
6 0.143569
6 0.078449
6 0.2735
6 0.335832
6 0.246108
6 0.125579
6 0.241108
6 0.195666
6 0.282799
6 0.181028
6 0.188578
6 0.208007
6 0.179
6 0.357557
7 0.237978
9 0.573328
0 0.0354871
9 0.346992
8 0.203877
8 0.228301
3 0.437738
1 0.24085
6 0.163772
6 0.235202
6 0.186164
6 0.226986
6 0.302861
6 0.159861
6 0.177563
6 0.213103
6 0.185302
6 0.284661
6 0.15888
6 0.185721
6 0.225245
