6 0.410549
6 0.408798
6 0.368225
6 0.361399
6 0.236766
6 0.235306
6 0.234985
6 0.234724
6 0.234617
6 0.285337
6 0.52737
6 0.525993
6 0.280174
6 0.286177
6 0.276672
6 0.246676
6 0.243098
6 0.24802
6 0.247085
6 0.246439
6 0.24453
6 0.247835
6 0.244981
6 0.246499
6 0.24509
6 0.24593
6 0.24857
6 0.248472
6 0.246656
6 0.269743
6 0.268436
6 0.267488
6 0.267369
6 0.267481
6 0.267358
6 0.267415
6 0.267283
6 0.267348
6 0.254896
6 0.256431
6 0.25584
6 0.255661
6 0.255614
6 0.287466
0 0.203199
0 0.0852377
0 0.108047
0 0.0831401
0 0.0868528
0 0.304204
9 1.29704
9 1.04346
9 1.36434
9 1.37168
9 1.04002
5 0.373719
4 0.0646427
4 0.0343223
4 0.0152977
4 0.0333559
4 0.0160228
4 0.0377696
4 0.0151275
4 0.0132107
4 0.0285323
4 0.0130574
4 0.0758457
4 0.0806478
4 0.0427295
4 0.0116096
4 0.0378135
4 0.0448122
4 0.0462639
4 0.0563721
4 0.0167083
4 0.0362129
4 0.0721831
4 0.0794326
4 0.0253406
4 0.0783545
4 0.0638006
4 0.0134074
4 0.0101006
4 0.0179015
4 0.0150695
4 0.00956947
4 0.0117885
4 0.016274
4 0.0175898
4 0.0106587
4 0.0454495
4 0.0123144
4 0.0125227
4 0.0347801
4 0.0723945
4 0.0548696
4 0.0417412
4 0.0474468
4 0.0954867
5 0.0945976
4 0.0224768
4 0.0123929
4 0.055786
4 0.120074
5 0.0861714
4 0.0472924
4 0.0487366
4 0.0522401
4 0.0208346
4 0.058148
4 0.071662
4 0.0857478
5 0.0675405
5 0.0685179
5 0.0684002
5 0.0693648
5 0.0850448
4 0.135957
4 0.0512105
4 0.0764394
4 0.0740698
5 0.0664288
5 0.0732429
5 0.0843976
5 0.0946821
5 0.108806
5 0.0650774
4 0.0359819
4 0.0361355
4 0.0390841
4 0.0210048
4 0.0103277
4 0.00956912
4 0.0154233
4 0.0561803
4 0.0553003
4 0.0475493
5 0.13023
5 0.0697868
4 0.0147486
4 0.0135551
4 0.210567
1 0.345013
1 0.340334
1 0.340068
1 0.340557
1 0.340396
1 0.335726
1 0.338531
1 0.337743
1 0.335586
1 0.328339
1 0.331561
1 0.336357
1 0.336016
1 0.305834
1 0.427985
1 0.26974
1 0.272779
1 0.263222
1 0.517481
1 0.411071
1 0.283812
1 0.380588
1 0.29067
1 0.273795
1 0.263609
1 0.285072
1 0.364649
1 0.354383
1 0.298647
1 0.284454
1 0.302689
1 0.305414
1 0.310377
1 0.310302
1 0.243574
1 0.298021
1 0.238174
6 1.24143
6 1.24106
1 0.742039
1 0.289878
1 0.291431
1 0.291066
1 0.297145
1 0.296334
1 0.297295
1 0.29506
1 0.293984
1 0.302384
1 0.304723
1 0.321767
9 0.480479
9 0.21878
9 0.21872
9 0.218721
9 0.218701
9 0.218672
9 0.218833
9 0.218723
9 0.21872
9 0.218653
9 0.218833
9 0.218705
9 0.218735
9 0.218654
9 0.21872
9 0.218813
9 0.218673
9 0.218723
9 0.21872
9 0.218703
9 0.218781
9 0.21872
9 0.218723
9 0.288012
9 0.416657
9 0.415496
9 0.415379
9 0.415496
9 0.415624
9 0.415613
9 0.416284
9 0.416039
9 0.415496
9 0.41538
9 0.415637
9 0.415447
9 0.41621
9 0.416267
6 0.220659
6 0.221512
6 0.221759
6 0.221898
6 0.221372
6 0.221738
6 0.221872
6 0.221497
6 0.22163
6 0.221867
6 0.221735
6 0.221392
6 0.221879
6 0.221769
6 0.221415
6 0.221709
6 0.22186
6 0.221647
6 0.221486
6 0.221873
6 0.221904
6 0.22125
6 0.221855
6 0.221761
6 0.221448
6 0.221795
6 0.221747
6 0.221787
6 0.22134
6 0.221876
6 0.221894
6 0.22128
6 0.221837
6 0.221866
6 0.221547
6 0.221581
6 0.221754
6 0.221909
6 0.221337
6 0.221763
6 0.221883
6 0.221424
6 0.221701
6 0.221859
6 0.221644
6 0.221492
6 0.221873
6 0.22178
6 0.221383
6 0.221728
6 0.221872
6 0.221541
6 0.221585
6 0.221867
6 0.221841
6 0.221287
6 0.221879
6 0.22177
6 0.221419
6 0.221822
6 0.221742
6 0.221673
6 0.221579
9 0.217864
9 0.221733
9 0.22177
9 0.221759
9 0.221776
9 0.22178
9 0.221773
6 0.987435
10 0.0413204
10 0.0211451
10 0.0225474
10 0.0389209
10 0.0184148
10 0.00646148
10 0.0154074
10 0.0207899
10 0.0404993
10 0.0226928
10 0.0222381
10 0.0410516
10 0.0204974
10 0.041047
10 0.0228704
10 0.0195029
10 0.0397081
10 0.0224602
10 0.0382192
10 0.0195558
10 0.0219175
10 0.0410305
10 0.0205263
10 0.0031655
10 0.0211563
10 0.022807
10 0.0410123
10 0.0205624
10 0.0225038
10 0.0400741
10 0.0195947
10 0.0399273
10 0.0213803
10 0.0204777
10 0.0412905
10 0.022098
10 0.0395756
10 0.0201074
10 0.0172875
10 0.0417996
10 0.0178767
10 0.0159612
10 0.0370522
10 0.021307
10 0.040867
10 0.0246578
10 0.023433
10 0.0426786
10 0.0203317
10 0.0407255
10 0.0232359
10 0.0210879
10 0.0415493
10 0.0188036
10 0.037163
10 0.016155
10 0.0197169
10 0.0396335
10 0.0204844
10 0.0178049
10 0.0452477
10 0.0226162
10 0.0410595
10 0.0211783
10 0.0208488
10 0.0384084
10 0.0234769
10 0.041356
10 0.0240056
10 0.0215111
10 0.0405248
10 0.0229038
10 0.0269571
10 0.0097208
10 0.0232245
10 0.0401663
10 0.0245293
10 0.0249368
10 0.0391496
10 0.0226337
10 0.0394469
10 0.0223822
10 0.0249559
10 0.0380028
10 0.0242016
10 0.0395356
10 0.0235129
10 0.0210174
10 0.0388506
10 0.0219185
10 0.0336907
10 0.0315537
10 0.0260264
10 0.0391169
10 0.0220156
10 0.0031733
10 0.0109125
10 0.0262597
10 0.0392598
10 0.0213666
10 0.0235968
10 0.0375289
10 0.0258218
10 0.0382687
10 0.022246
10 0.02432
10 0.0383533
10 0.0235945
10 0.03956
10 0.0228677
10 0.0249672
10 0.0382622
10 0.0259261
10 0.0318215
10 0.0157006
10 0.0250335
10 0.0369205
10 0.0261145
10 0.0171796
10 0.0343865
10 0.0229152
10 0.0383128
10 0.0272003
10 0.0222683
10 0.0395237
10 0.0248512
10 0.0381996
10 0.0216863
10 0.023076
10 0.0393454
10 0.022825
10 0.039068
10 0.0249243
10 0.0261356
10 0.0382251
10 0.025226
10 0.00846113
10 0.00829148
10 0.0261892
10 0.0382679
10 0.0251414
10 0.0221586
10 0.0391067
10 0.0251574
10 0.0377914
10 0.02539
10 0.0220278
10 0.0380496
10 0.0255713
10 0.0392513
10 0.0245573
10 0.0239842
10 0.0334309
10 0.0318611
10 0.0381044
10 0.02518
10 0.0231454
10 0.0391228
10 0.0265047
10 0.00225263
10 0.014167
10 0.0224847
10 0.0389611
10 0.0249001
10 0.0257244
10 0.0382764
10 0.0221004
10 0.0385542
10 0.0254395
10 0.0247725
10 0.0394752
10 0.0230027
10 0.0388965
10 0.0256516
10 0.0259569
10 0.0382907
10 0.0239027
10 0.0302111
10 0.0165395
10 0.0259411
10 0.0375385
10 0.0238045
10 0.0187308
10 0.0322823
10 0.0267895
10 0.0381007
10 0.0248319
10 0.0262051
10 0.0380613
10 0.0259569
10 0.0386392
10 0.0263937
10 0.0271789
10 0.0381716
10 0.0269608
10 0.0391719
10 0.0243768
10 0.0256068
10 0.0376521
10 0.0251886
10 0.0256988
10 0.0122064
10 0.0251293
10 0.0375331
10 0.0254144
10 0.0217887
10 0.0369613
10 0.0257013
10 0.0380536
10 0.0269713
10 0.0244764
10 0.0386003
10 0.0268467
10 0.039163
10 0.0264082
10 0.026993
10 0.0381883
10 0.0265557
10 0.0368808
10 0.0221402
10 0.025484
10 0.037913
10 0.0251174
10 0.019528
10 0.0039217
10 0.0255054
10 0.0384675
10 0.0257427
10 0.0225848
10 0.0393469
10 0.0253523
10 0.0388312
10 0.0264822
10 0.0234483
10 0.0378021
10 0.0245155
10 0.0371723
10 0.0255614
10 0.0248922
10 0.0371046
10 0.0270173
10 0.038876
10 0.0241779
10 0.0260986
10 0.0383138
10 0.0262991
10 0.00770126
10 0.00869856
10 0.0248926
10 0.0388615
10 0.0269229
10 0.026169
10 0.0410099
10 0.0252426
10 0.0375078
10 0.0265685
10 0.0254676
10 0.0385108
10 0.0253702
10 0.0374326
10 0.0270287
10 0.0257915
10 0.0373484
10 0.0274861
10 0.0379742
10 0.0257817
10 0.0249622
10 0.0386974
10 0.0260731
10 0.0032203
10 0.0101315
10 0.0276921
10 0.0397389
10 0.0259077
10 0.0258801
10 0.0385795
10 0.025892
10 0.0372445
10 0.564355
3 0.00119103
3 0.0014918
2 0.0415953
3 0.00123015
3 0.00107383
2 0.0413367
3 0.00105693
3 0.00268546
3 0.00139125
2 0.0432352
3 0.00151239
3 0.00134467
2 0.0429716
3 0.00105481
3 0.00101475
3 0.00470075
2 0.0464186
3 0.00315058
3 0.00232871
2 0.00969316
3 0.0044215
3 0.00296355
3 0.00169312
2 0.00888237
3 0.00463159
3 0.00426371
2 0.0447338
3 0.0023806
3 0.0395638
3 0.00454384
2 0.0465097
3 0.00343218
3 0.00310845
2 0.0101048
3 0.00480963
3 0.00330236
3 0.00344265
2 0.00903669
3 0.00469707
3 0.00455284
3 0.0555608
3 0.017315
3 0.0410554
3 0.0037492
2 0.0451724
3 0.00265449
3 0.00245489
3 0.0383674
2 0.0462097
3 0.00278206
3 0.00284518
2 0.00928295
3 0.0047303
3 0.00530028
3 0.00575339
2 0.0485733
3 0.0359781
3 0.00397501
2 0.0457665
3 0.00321383
3 0.00315208
3 0.0394515
2 0.186954
3 0.00311567
3 0.0023662
3 0.00195069
2 0.0730595
2 0.0150271
3 0.00117594
2 0.0154854
2 0.0743292
3 0.00420655
3 0.00461289
3 0.00484074
2 0.0465269
3 0.00321237
3 0.00232842
2 0.0466051
3 0.00293357
3 0.00328051
3 0.00487109
2 0.0467426
3 0.00393009
3 0.00310515
2 0.0442294
3 0.00359866
3 0.00281047
3 0.00246318
2 0.041314
3 0.00255321
3 0.00302551
2 0.0427777
3 0.00305213
3 0.00150069
3 0.00138301
2 0.0421604
3 0.00146976
3 0.00281282
2 0.0435181
3 0.00189228
3 0.00329664
3 0.00132557
2 0.0761029
2 0.0152228
2 0.0152248
2 0.0147109
2 0.115533
2 0.0787423
2 0.0147654
2 0.0156618
2 0.0150318
2 0.0411809
3 0.00109537
3 0.00150651
3 0.00491158
2 0.04494
3 0.00189481
3 0.00115115
2 0.0419747
3 0.00150877
3 0.0013328
3 0.00335849
2 0.0434812
3 0.00145004
3 0.00208597
2 0.0439993
3 0.00140284
3 0.00104364
3 0.00441484
2 0.0453756
3 0.00315058
3 0.00209248
2 0.0421818
3 0.00117152
3 0.000587539
3 0.00526515
2 0.0500871
3 0.00106593
3 0.000724338
2 0.0423551
3 0.00181884
3 0.000690241
3 0.00682787
2 0.0520727
3 0.000600989
3 0.00137826
2 0.0406144
3 0.00133462
3 0.000601234
3 0.00797432
2 0.0531267
3 0.000651653
3 0.0010575
2 0.0415439
3 0.00145799
3 0.00211827
3 0.0109322
2 0.0552357
3 0.00073158
3 0.00128235
2 0.0423776
3 0.00297455
3 0.00166774
3 0.0164549
2 0.0571404
3 0.00206515
3 0.00181168
2 0.0428079
3 0.00274665
3 0.0021525
3 0.0218037
2 0.0529668
2 0.0152517
2 0.0152615
2 0.0156883
2 0.148366
2 0.0458099
2 0.0146885
2 0.015105
2 0.0150341
2 0.162723
2 0.0337244
2 0.0151865
2 0.0151443
2 0.0146951
2 0.174447
2 0.0173598
2 0.015405
2 0.0149716
2 0.0152774
2 0.187491
2 0.0149168
2 0.0151621
2 0.0151953
2 0.0150674
2 0.190126
2 0.0149852
2 0.0147995
3 0.00159428
2 0.0410064
3 0.00118811
3 0.00121273
3 0.0014247
2 0.0426766
3 0.00219988
3 0.00190667
2 0.0408157
3 0.00123419
3 0.00160525
3 0.00171563
2 0.0433786
3 0.00182598
3 0.00146278
2 0.0413597
3 0.00145044
3 0.00192392
3 0.00335974
2 0.0405217
3 0.001423
3 0.00164298
2 0.0408051
3 0.00141403
3 0.00204531
2 0.0147176
2 0.114837
2 0.0774272
2 0.0153593
2 0.0152707
2 0.0150742
2 0.124169
2 0.0641252
2 0.0147444
2 0.0152185
2 0.0154671
2 0.138476
2 0.056362
2 0.0146874
2 0.0151392
2 0.0152186
2 0.15167
2 0.0432851
2 0.0154797
2 0.015381
2 0.014814
2 0.162367
2 0.0316381
2 0.0158755
2 0.0150535
2 0.0152512
2 0.173077
2 0.0242537
2 0.015495
2 0.0156393
2 0.0147326
2 0.0732445
3 0.00200071
3 0.000678297
3 0.00170278
2 0.043145
3 0.00061003
3 0.00183632
2 0.0450472
3 0.000643715
3 0.00153323
3 0.00140016
2 0.0429358
3 0.000668486
3 0.00335152
2 0.0430625
3 0.000528457
3 0.00151898
3 0.00150822
2 0.0413233
3 0.00344867
3 0.00202796
2 0.0414683
3 0.00111303
3 0.0023939
3 0.00159749
2 0.0409358
3 0.0010571
3 0.00120219
2 0.0403609
3 0.00122657
3 0.00246045
3 0.00132273
2 0.0407873
3 0.00123063
3 0.00131526
2 0.0423643
3 0.00305474
3 0.00148836
3 0.00127382
2 0.0403259
3 0.00107023
3 0.00122266
2 0.0432787
3 0.00143667
3 0.00131899
3 0.00111192
2 0.039558
3 0.00111084
3 0.00217984
2 0.0425893
3 0.00130527
3 0.00105468
3 0.00122113
2 0.0414637
3 0.00115984
3 0.00103697
2 0.0394152
3 0.00101323
3 0.00112085
3 0.00114718
2 0.0423016
3 0.00112089
3 0.00110199
2 0.0409228
3 0.00043478
3 0.0021379
3 0.00301172
2 0.041003
3 0.00120578
3 0.00106832
2 0.0407748
3 0.00114442
3 0.00224319
3 0.00129152
2 0.0408921
3 0.00103721
3 0.0010275
2 0.0418595
3 0.00207371
3 0.0013316
3 0.00133407
2 0.0388146
3 0.00181819
3 0.00116675
2 0.0413321
3 0.00176729
3 0.00109288
3 0.00102301
2 0.0415319
2 0.0141301
2 0.0151273
2 0.0149535
2 0.187459
2 0.0152101
2 0.0152954
2 0.0146077
2 0.0153305
2 0.0763549
3 0.00107841
3 0.00129778
3 0.0021656
2 0.0406403
3 0.00105333
3 0.00282429
2 0.0400607
3 0.00147328
3 0.00103655
3 0.00116308
2 0.0419388
3 0.00108666
3 0.00104532
2 0.0417204
3 0.00103371
3 0.00151682
3 0.00102714
2 0.0415868
3 0.00115637
3 0.00108812
2 0.0409534
3 0.00105475
5 1.00079
6 0.661143
6 0.597478
6 0.597469
6 0.597499
6 0.597459
6 0.597465
6 0.597468
6 0.597468
6 0.597463
6 0.597454
6 0.597466
6 0.597458
6 0.597426
6 0.597436
6 0.597361
6 0.51161
6 0.901466
6 1.20899
7 0.69032
7 1.04909
7 0.768428
8 0.650132
8 0.0354469
8 0.0344313
8 0.0405345
8 0.0329369
8 0.036047
8 0.0336977
8 0.0316209
8 0.0316563
8 0.032688
8 0.031861
8 0.0372484
8 0.0299583
8 0.0327777
8 0.0307779
8 0.0344329
8 0.0384389
8 0.041873
8 0.0317179
8 0.0304411
8 0.0387287
8 0.0319208
