15 0.171202
15 0.0373097
15 0.0589151
15 0.0328553
15 0.0649541
15 0.029646
15 0.0323182
15 0.0648895
15 0.352477
15 0.169842
15 0.0319722
15 0.0648871
15 0.279006
14 0.386507
14 0.37215
14 0.369698
14 0.375558
14 0.371235
14 0.37731
14 0.376485
14 0.460203
15 0.166575
15 0.106079
14 0.465644
14 0.465506
14 0.353443
15 0.0649543
15 0.0322456
15 0.0707132
14 0.465599
14 0.465551
14 0.349287
15 0.0648167
15 0.0322951
15 0.0323329
15 0.0648699
15 0.0322388
15 0.0649459
15 0.0322937
15 0.0322577
15 0.0649704
15 0.0210896
15 0.064897
15 0.0316261
15 0.0322104
15 0.0649673
15 0.0291383
15 0.0648301
16 0.39332
16 0.476433
13 0.39541
14 0.292731
14 0.314284
14 0.403941
14 0.263885
14 0.303707
14 0.272034
14 0.315849
14 0.252724
14 0.291047
2 0.303691
14 0.493247
15 0.225902
15 0.0409082
15 0.0516469
2 0.6845
6 1.43807
6 1.38934
2 0.897155
2 0.949154
10 0.717656
10 0.587219
2 0.689896
12 0.0453188
12 0.045149
12 0.0453282
0 0.301244
0 0.29865
0 0.295967
0 0.296952
0 0.299074
0 0.296975
0 0.299369
14 0.35824
1 0.27705
17 0.237963
17 0.237963
10 1.19785
10 1.15766
10 0.586273
10 0.583942
12 0.226273
12 0.0453228
12 0.0451544
1 0.740676
1 0.273601
1 0.563606
8 0.481248
8 0.383834
8 0.387048
8 0.256913
3 0.467044
3 0.49329
8 0.399399
8 0.190594
8 0.212628
8 0.252208
3 0.491801
3 0.487453
3 0.399057
4 0.196406
4 0.159427
4 0.159071
4 0.202516
13 0.218566
4 0.168367
13 0.287625
7 0.265752
14 0.427614
13 0.412748
13 0.335545
7 0.324943
8 0.245691
18 0.177415
8 0.160517
8 0.250158
6 0.304472
6 0.311381
2 0.28868
13 0.229454
4 0.12868
13 0.265293
7 0.260056
8 0.140519
4 0.225953
4 0.161349
13 0.323844
7 0.26867
18 0.225766
18 0.265227
8 0.184135
6 0.370915
3 0.351359
7 0.233184
13 0.355101
8 0.120384
4 0.303919
13 0.444495
13 0.328159
18 0.311681
8 0.188436
18 0.204764
8 0.259536
18 0.341384
8 0.251863
6 0.488161
6 0.415392
6 0.31023
3 0.492012
14 0.345314
7 0.270495
8 0.362678
7 0.256514
18 0.313974
6 0.337611
6 0.467105
3 0.306501
6 0.377158
8 0.332608
6 0.276308
6 0.287025
3 0.454205
6 0.265141
3 0.48963
3 0.322477
2 0.202202
2 0.219288
13 0.195799
7 0.235355
2 0.15021
2 0.142084
7 0.115029
13 0.146254
7 0.240933
9 0.190015
11 0.269279
2 0.116977
2 0.121645
0 0.162759
0 0.101037
0 0.075919
5 0.152778
5 0.108706
0 0.143373
2 0.129216
2 0.156764
5 0.128738
0 0.0908106
0 0.125544
5 0.137644
0 0.156564
0 0.102994
4 0.180675
13 0.191932
13 0.143634
7 0.0950706
11 0.0924224
16 0.154833
0 0.116063
13 0.127961
11 0.0889274
5 0.137991
7 0.139342
11 0.132121
16 0.113728
11 0.0365378
16 0.134391
0 0.19631
13 0.0935812
0 0.0558406
0 0.0434933
0 0.0722487
5 0.121033
4 0.162059
13 0.166072
13 0.147777
7 0.150589
9 0.134058
0 0.15422
5 0.107378
13 0.14704
9 0.155598
13 0.141274
11 0.136076
9 0.16814
16 0.11435
11 0.115514
16 0.108329
0 0.130617
7 0.147358
0 0.0372167
0 0.0446381
0 0.0891662
5 0.0807856
0 0.0782356
5 0.0576009
4 0.184524
4 0.191961
13 0.19398
7 0.0737389
7 0.0734922
7 0.158519
18 0.0741057
11 0.204393
9 0.147107
6 0.272155
3 0.244518
0 0.122613
11 0.135945
0 0.197726
7 0.0767111
11 0.0747824
9 0.147219
5 0.149483
9 0.0996892
18 0.204517
18 0.18442
9 0.191566
6 0.25653
6 0.327488
3 0.378866
11 0.152917
9 0.107373
16 0.133795
6 0.338347
3 0.260131
0 0.232243
7 0.121548
7 0.0596552
0 0.188754
5 0.0802267
0 0.0816782
5 0.110843
13 0.109528
11 0.0688276
5 0.0467542
9 0.0746628
0 0.125034
13 0.147259
11 0.0721693
5 0.0424581
9 0.0748382
0 0.121298
7 0.16458
11 0.0638535
16 0.118579
9 0.133106
16 0.0729492
5 0.108099
9 0.118476
2 0.12244
0 0.149401
0 0.0862806
0 0.0973024
5 0.136661
5 0.116861
2 0.085662
0 0.131325
0 0.0750725
0 0.0969743
0 0.091987
5 0.0804447
0 0.13628
4 0.138776
13 0.130378
13 0.140105
11 0.141168
9 0.0633734
0 0.114771
0 0.115631
7 0.190553
9 0.144005
13 0.147041
11 0.159034
9 0.0666017
5 0.185808
9 0.0866934
16 0.150906
0 0.141324
0 0.163777
0 0.0454123
0 0.0495485
0 0.117734
5 0.0409313
0 0.085314
5 0.0946931
5 0.0442278
13 0.152022
11 0.141768
5 0.13446
11 0.164824
16 0.154437
5 0.11628
0 0.103429
0 0.0553868
5 0.0973405
5 0.105323
4 0.229322
13 0.18095
13 0.147889
7 0.112959
11 0.102634
7 0.135845
18 0.174537
9 0.115674
16 0.193913
16 0.273473
5 0.172987
13 0.117531
11 0.10856
13 0.088128
11 0.112894
11 0.13667
16 0.189582
5 0.126104
13 0.224001
18 0.215742
9 0.0954517
9 0.124061
6 0.218407
16 0.246926
3 0.305615
9 0.0670608
9 0.167594
16 0.267067
16 0.272541
3 0.294582
2 0.207232
7 0.129143
9 0.220324
0 0.0738805
0 0.115236
0 0.124498
0 0.0857232
7 0.150874
5 0.137622
11 0.0494444
16 0.0814414
0 0.0838912
7 0.146176
5 0.134215
11 0.0514873
16 0.0800598
5 0.0825857
13 0.135392
11 0.188983
9 0.112155
16 0.101483
11 0.0456408
9 0.114964
16 0.191665
16 0.24943
5 0.176342
5 0.0678149
5 0.109663
9 0.086922
0 0.0942982
5 0.134855
0 0.106336
11 0.151755
5 0.143527
11 0.0569393
16 0.0868798
5 0.0754312
5 0.0748119
13 0.151032
11 0.0940314
16 0.0810744
9 0.0557066
16 0.157307
5 0.105863
9 0.10917
9 0.126529
0 0.2415
2 0.202891
2 0.219083
13 0.19636
7 0.229387
2 0.149826
2 0.141789
7 0.11615
13 0.149027
7 0.235277
9 0.189551
11 0.270969
2 0.118205
2 0.0967465
2 0.0662282
2 0.0649158
7 0.14932
2 0.11983
7 0.165663
2 0.147835
7 0.104756
7 0.156522
0 0.162969
0 0.134277
2 0.0548315
13 0.152135
0 0.139766
2 0.204976
7 0.0783155
7 0.204229
13 0.127186
7 0.103373
2 0.104974
2 0.0755233
2 0.128989
0 0.163492
0 0.123315
0 0.0718962
7 0.147648
5 0.106524
2 0.116287
0 0.14066
0 0.0844633
0 0.0777376
0 0.0729719
5 0.0726136
0 0.0698018
0 0.078968
0 0.120094
5 0.0699512
5 0.104131
0 0.0661192
2 0.0858395
2 0.151162
2 0.0924211
5 0.125251
2 0.128191
0 0.124781
5 0.0967261
5 0.133268
2 0.122843
0 0.109446
0 0.0805016
0 0.0832967
5 0.109178
5 0.105655
0 0.137101
0 0.104903
0 0.0775268
5 0.0777395
5 0.110684
0 0.120789
2 0.0923026
0 0.120728
2 0.148113
2 0.155831
13 0.135139
13 0.155265
11 0.159459
16 0.133384
0 0.108488
0 0.13967
11 0.114209
5 0.152024
7 0.140342
11 0.0881432
16 0.192438
5 0.17814
9 0.0609256
16 0.104497
0 0.157125
0 0.111277
0 0.0464266
0 0.0605564
5 0.0903104
5 0.0528402
0 0.102994
5 0.0767914
0 0.120582
13 0.124295
11 0.133558
5 0.0755376
9 0.0676124
5 0.101349
5 0.0871302
0 0.067878
0 0.101679
5 0.110903
5 0.0490851
5 0.088276
13 0.151497
11 0.0921669
5 0.0714239
9 0.116619
0 0.176355
5 0.133461
5 0.124359
5 0.0577915
0 0.124565
0 0.12417
0 0.13332
0 0.0456775
0 0.0846791
0 0.0592624
0 0.0846955
0 0.0433139
5 0.0752359
5 0.0767545
2 0.137019
2 0.166169
13 0.1186
7 0.166658
11 0.179935
16 0.116716
0 0.0914922
0 0.126744
11 0.149396
5 0.12976
13 0.127278
11 0.120481
9 0.195886
5 0.113177
9 0.0738681
16 0.093653
2 0.125552
0 0.126366
0 0.0465513
0 0.05822
5 0.115493
5 0.0422475
0 0.0963242
5 0.0796394
5 0.0959936
13 0.140365
11 0.0753286
5 0.0471817
9 0.109618
0 0.116918
5 0.120858
0 0.0614853
0 0.0889048
5 0.105589
5 0.0362816
5 0.121592
0 0.146644
11 0.143086
5 0.136836
11 0.150564
16 0.149412
5 0.115802
5 0.0792958
5 0.0863453
0 0.109025
0 0.155364
0 0.12005
0 0.0686789
0 0.085465
0 0.064805
0 0.0858828
0 0.100477
5 0.0865905
5 0.0526197
5 0.093161
5 0.0887858
0 0.0767252
5 0.0446485
5 0.0989991
0 0.114769
4 0.0955999
13 0.159774
7 0.0785791
13 0.130868
11 0.130601
7 0.272723
18 0.178257
9 0.208805
6 0.314251
16 0.285201
0 0.0987544
7 0.170501
9 0.127769
13 0.139119
18 0.206945
9 0.0781262
16 0.113107
11 0.143039
7 0.161025
18 0.177788
9 0.113552
16 0.264753
6 0.222947
3 0.260164
3 0.294087
9 0.153252
16 0.276198
16 0.154602
3 0.26614
3 0.316741
13 0.100395
7 0.12687
9 0.234546
5 0.11359
0 0.093982
5 0.0878358
0 0.107625
11 0.128919
5 0.156563
11 0.0795989
16 0.0973494
0 0.11421
11 0.133679
5 0.162549
11 0.0711912
16 0.0932946
5 0.0755751
13 0.152597
18 0.21691
9 0.125829
16 0.139977
11 0.0529598
9 0.0348732
16 0.280569
3 0.269536
5 0.132609
5 0.0831644
5 0.125984
16 0.162802
0 0.11527
0 0.13377
0 0.0974402
11 0.162075
5 0.128784
11 0.0513781
16 0.0823635
5 0.0774389
5 0.0903351
5 0.184303
7 0.131472
11 0.0861473
9 0.182059
5 0.12254
9 0.134446
9 0.0839526
16 0.137293
5 0.222595
5 0.130995
5 0.108327
11 0.0853019
16 0.1343
5 0.0565349
11 0.150759
16 0.121214
13 0.21447
7 0.115701
9 0.218678
0 0.140778
7 0.142433
0 0.191456
5 0.122758
0 0.121338
5 0.100492
0 0.0906891
5 0.0806167
0 0.114285
0 0.12335
13 0.124198
11 0.0910383
5 0.0311158
9 0.0741601
0 0.117505
5 0.128585
5 0.099423
5 0.0836389
5 0.0452387
0 0.0723482
7 0.146065
5 0.134111
11 0.0506978
16 0.0804457
5 0.0785449
5 0.0999874
5 0.041661
5 0.0856177
0 0.118478
5 0.0861237
7 0.091104
9 0.126104
5 0.141851
16 0.142417
5 0.0695141
5 0.0888153
9 0.0828959
11 0.134419
16 0.101014
5 0.145395
5 0.0996459
0 0.202152
2 0.103308
5 0.106634
0 0.116083
0 0.125548
5 0.105199
0 0.168854
2 0.132254
0 0.0797711
0 0.0785328
0 0.0818415
5 0.0577719
0 0.0799466
0 0.0931143
0 0.0976067
0 0.0838167
5 0.0742121
5 0.0891984
2 0.0633673
2 0.1195
0 0.128503
0 0.0879313
0 0.101733
0 0.0907411
0 0.100872
0 0.113043
5 0.057696
5 0.104415
0 0.118862
0 0.0995628
2 0.139043
4 0.147326
13 0.126231
13 0.165969
11 0.139152
9 0.0977132
0 0.113447
0 0.119033
7 0.177723
5 0.119048
13 0.130611
11 0.196224
9 0.173172
5 0.135322
9 0.0855595
16 0.0987099
0 0.130205
0 0.118844
0 0.0487063
0 0.0460851
5 0.122003
5 0.0635681
0 0.118468
5 0.0750564
5 0.0859451
13 0.139658
11 0.0616422
5 0.0501856
9 0.0764005
0 0.157087
5 0.134732
0 0.0947862
0 0.0642088
0 0.130999
5 0.0671046
0 0.105825
0 0.110266
11 0.174654
5 0.131425
11 0.0655245
16 0.0996728
5 0.0950516
5 0.0888825
5 0.11183
0 0.105656
7 0.157092
0 0.13048
0 0.102206
0 0.0868408
0 0.072395
0 0.0860202
0 0.110239
5 0.115538
5 0.0418716
5 0.0970447
5 0.0945593
0 0.105983
5 0.11124
5 0.0372521
5 0.116619
5 0.089008
0 0.0918784
13 0.120633
11 0.13138
5 0.070136
9 0.0637912
5 0.107221
5 0.163963
5 0.0796452
5 0.0993977
5 0.0881988
5 0.106164
5 0.0813718
0 0.0470033
0 0.0843139
0 0.0785911
5 0.0402471
5 0.118782
5 0.11635
4 0.230843
4 0.184714
13 0.191007
7 0.0678015
7 0.0870114
7 0.145044
18 0.0954473
9 0.213384
9 0.147636
6 0.283767
3 0.245358
0 0.122268
11 0.130509
0 0.202757
7 0.0981972
11 0.0857053
9 0.167553
5 0.134685
9 0.109503
18 0.172574
18 0.206206
9 0.198484
6 0.246125
16 0.354172
3 0.384472
11 0.158384
9 0.114818
16 0.195215
6 0.315109
3 0.28443
0 0.222589
7 0.119431
7 0.0682132
0 0.183467
5 0.0776188
0 0.0765141
5 0.116535
13 0.120615
11 0.0902952
5 0.0309921
9 0.0744874
0 0.121295
13 0.156566
11 0.0919858
5 0.0311906
9 0.0752653
0 0.11973
13 0.18545
7 0.186105
11 0.0887144
16 0.197488
5 0.12997
9 0.0776181
9 0.0853791
16 0.214234
5 0.167483
5 0.118343
5 0.102178
9 0.0895826
0 0.140523
5 0.0706693
0 0.108038
13 0.126395
11 0.0492415
5 0.0468152
9 0.0912778
0 0.150094
5 0.118124
5 0.122109
13 0.111446
11 0.128121
11 0.124201
16 0.16821
5 0.14306
9 0.115331
9 0.146691
16 0.248261
5 0.114189
5 0.0692772
5 0.0974778
9 0.149295
16 0.124701
5 0.0483818
9 0.121895
0 0.232597
7 0.0985582
7 0.145894
0 0.216865
7 0.0959351
7 0.171231
0 0.116193
5 0.0799754
0 0.114445
0 0.128313
0 0.0761083
5 0.126855
5 0.121533
0 0.0810482
7 0.154337
9 0.139343
11 0.0605863
16 0.088582
5 0.0787075
5 0.0776768
5 0.0464581
5 0.0722788
5 0.104179
13 0.106907
11 0.0902351
5 0.115955
9 0.152736
16 0.14718
5 0.0999874
5 0.0787806
5 0.10744
5 0.0832621
5 0.0877719
13 0.113811
11 0.180331
11 0.109246
16 0.211865
5 0.129811
9 0.0788234
9 0.0815571
16 0.249632
5 0.156144
5 0.121716
5 0.102394
11 0.106925
16 0.140426
5 0.101985
11 0.0817486
16 0.108187
5 0.153991
5 0.144935
5 0.0898418
5 0.0820196
11 0.123407
16 0.133474
0 0.0904067
5 0.129296
5 0.123754
0 0.106755
0 0.0750984
7 0.141124
5 0.129761
11 0.0491858
16 0.084617
5 0.0779113
5 0.125402
5 0.0457228
