0 0.269233
14 0.202421
14 0.18654
14 0.154921
14 0.184769
14 0.153334
14 0.136444
15 0.522379
10 0.253581
14 0.166598
14 0.199047
14 0.161927
15 0.186127
15 0.184015
15 0.0879955
15 0.0923023
14 0.211911
14 0.163445
15 0.0823494
15 0.151071
14 0.157731
14 0.114077
14 0.137675
14 0.166056
14 0.1259
15 0.100678
15 0.143194
15 0.1587
14 0.180528
0 0.144252
0 0.196244
14 0.2893
0 0.210223
0 0.214021
15 0.140389
13 0.156764
13 0.183353
15 0.164903
0 0.11821
15 0.162896
14 0.189982
15 0.11926
14 0.12252
10 0.0968073
12 0.631566
12 0.630338
14 0.259161
0 0.263723
10 0.190352
11 0.0752341
11 0.102023
11 0.23158
3 0.161422
14 0.264461
14 0.317574
14 0.19561
15 0.0682535
15 0.0522744
15 0.0708033
14 0.157685
14 0.198048
14 0.172267
14 0.201344
14 0.116478
15 0.0708453
15 0.0886445
14 0.136018
14 0.344697
14 0.216283
14 0.249633
14 0.128672
15 0.0587808
14 0.172946
14 0.372416
10 0.0591871
10 0.0615164
9 0.202492
14 0.149255
14 0.158336
0 0.163433
9 0.282054
0 0.231894
0 0.155523
14 0.251563
13 0.173084
5 0.145695
13 0.161333
5 0.189709
14 0.249768
1 0.445505
1 0.366724
1 0.447306
1 0.371589
10 0.0712165
10 0.205076
2 0.211702
2 0.186751
13 0.153785
2 0.0779334
10 0.253214
0 0.145763
0 0.134001
15 0.135245
3 0.151468
0 0.123022
14 0.154199
14 0.196604
14 0.23118
14 0.226282
14 0.222247
14 0.234251
5 0.14899
14 0.383248
5 0.659637
15 0.163017
15 0.123042
15 0.137665
15 0.13272
15 0.129635
15 0.124837
15 0.131216
15 0.135191
3 0.196101
3 0.0767677
3 0.0757471
3 0.132517
5 0.315482
5 0.900939
0 0.362686
14 0.300585
5 0.785136
5 0.518004
15 0.176153
10 0.0624974
10 0.0630115
10 0.0828663
10 0.132682
10 0.089846
10 0.0927771
10 0.0948553
6 0.067571
6 0.0769328
6 0.0808242
6 0.0918609
6 0.309623
12 0.232799
12 0.220619
12 0.202767
12 0.222958
12 0.23435
12 0.200911
12 0.13793
12 0.151297
12 0.234766
12 0.214365
12 0.209387
12 0.221922
12 0.233462
12 0.193371
12 0.179461
8 0.77809
8 0.432349
8 0.447356
8 0.431109
14 0.535786
14 0.676628
14 0.620282
14 0.651734
14 0.215375
0 0.49365
0 0.768291
0 0.504347
10 0.0825485
10 0.0652606
10 0.0641265
10 0.0849187
10 0.141499
10 0.0939477
10 0.0921723
10 0.104276
11 0.0145977
11 0.0309924
11 0.0158728
11 0.0129106
11 0.0138721
11 0.0115723
11 0.01162
11 0.0159942
11 0.0180483
11 0.0217624
11 0.0150077
11 0.0170683
11 0.0172393
11 0.0207556
11 0.0316936
11 0.0291399
11 0.0329124
11 0.0284756
11 0.0482261
11 0.0346974
11 0.0422528
11 0.0244026
11 0.0525079
11 0.109789
11 0.0163427
11 0.0235335
11 0.0145079
11 0.0134012
11 0.0138558
11 0.0115705
11 0.0146123
11 0.0128041
11 0.0125745
11 0.0197894
11 0.0162159
11 0.0188356
11 0.0157118
11 0.0239348
11 0.0279942
11 0.0343415
11 0.0320497
11 0.0347817
11 0.0425218
11 0.0374231
11 0.0341276
11 0.0334369
11 0.0557951
14 0.257442
14 0.200263
3 0.140677
3 0.0758796
3 0.119133
7 0.436562
7 0.162026
7 0.108115
7 0.155578
13 0.486435
4 0.32789
4 0.406022
14 0.56583
14 0.266373
15 0.170838
15 0.107765
15 0.0702928
15 0.0622563
15 0.0657678
15 0.175027
15 0.156153
15 0.0914562
15 0.0693684
15 0.0607016
15 0.0603126
15 0.0613471
15 0.0846005
15 0.0562201
15 0.0587004
15 0.0607335
15 0.0523401
15 0.0615974
15 0.0724538
15 0.157084
15 0.0820068
15 0.0809016
15 0.0587995
15 0.063163
15 0.054452
14 0.199151
14 0.173556
7 0.19964
7 0.209911
7 0.179503
7 0.188566
7 0.18312
7 0.197739
13 0.572711
4 0.125661
4 0.204233
10 0.474202
10 0.400956
14 0.288947
14 0.176756
5 0.457267
14 0.196254
10 0.650542
10 0.668335
5 0.3999
3 0.605545
3 0.735995
14 0.247112
14 0.241028
14 0.2355
14 0.229291
14 0.243278
14 0.255667
14 0.244865
14 0.246615
10 0.454156
14 0.322717
5 0.506418
0 0.410103
14 0.216132
14 0.173248
15 0.0626565
15 0.0746217
15 0.0690451
15 0.0504667
3 0.0946394
3 0.0554535
5 0.423376
15 0.0730715
5 0.300039
14 0.130011
14 0.2219
15 0.11255
15 0.0790017
15 0.0708671
15 0.0744767
15 0.0827746
14 0.14586
14 0.18653
13 0.283598
13 0.289213
13 0.247765
13 0.233496
13 0.272343
14 0.409453
14 0.314801
14 0.199558
13 0.282885
13 0.280294
13 0.245998
13 0.290512
13 0.373171
14 0.246745
14 0.153628
14 0.163666
15 0.104364
15 0.0708578
15 0.153701
0 0.224567
15 0.140255
15 0.090877
15 0.0731405
15 0.0837463
15 0.0784547
15 0.0832855
15 0.0997438
15 0.156886
15 0.165174
15 0.0680216
15 0.0831263
5 0.447822
7 0.255754
7 0.200781
7 0.183046
7 0.256987
7 0.187964
7 0.192084
10 0.395171
14 0.228696
10 0.0878117
10 0.0493134
10 0.0548782
10 0.0593514
10 0.143261
10 0.100518
10 0.0998457
10 0.0998598
10 0.070322
10 0.0599091
10 0.059565
10 0.0759128
10 0.0998584
10 0.102269
10 0.096041
10 0.278582
13 0.206102
13 0.206859
13 0.219444
13 0.324273
13 0.234974
13 0.230651
13 0.294204
3 0.0816953
3 0.0537952
3 0.311075
14 0.226909
14 0.260395
14 0.331665
14 0.242343
14 0.196163
14 0.177036
14 0.148301
14 0.147023
14 0.138399
0 0.21322
0 0.20085
0 0.211564
0 0.213457
0 0.170619
0 0.136094
0 0.164683
10 0.2511
10 0.249703
9 0.261073
10 0.249873
0 0.137257
0 0.172371
0 0.17971
0 0.17367
0 0.201248
0 0.1783
0 0.179105
0 0.179559
0 0.18525
14 0.20826
11 0.845641
5 0.23007
5 0.326555
3 0.0821635
3 0.0755734
14 0.452378
14 0.483612
0 0.239435
5 0.239267
13 0.125487
13 0.127314
13 0.126572
13 0.125598
13 0.128564
13 0.125393
5 0.29848
5 0.254168
13 0.119481
13 0.130012
13 0.125964
13 0.125816
13 0.13021
13 0.125311
5 0.288753
5 0.206371
13 0.0917631
13 0.113497
13 0.110934
13 0.202898
14 0.166105
14 0.173588
1 0.404477
1 0.186947
1 0.222026
1 0.175215
1 0.0388228
1 0.0949296
1 0.0244659
1 0.0344403
1 0.0500013
1 0.0830398
1 0.052805
1 0.0154258
1 0.143871
1 0.279347
1 0.210449
1 0.234631
1 0.185994
1 0.293005
1 0.29396
1 0.179148
1 0.283841
1 0.223842
1 0.256902
1 0.176495
1 0.275627
1 0.274163
1 0.296774
14 0.20562
0 0.226029
1 0.223666
1 0.171958
1 0.216958
1 0.105257
1 0.0612778
1 0.0709097
1 0.0409841
1 0.0239715
1 0.0364336
1 0.0133389
1 0.0478009
1 0.0289399
1 0.242615
1 0.263436
1 0.203508
1 0.239869
1 0.198529
1 0.302962
1 0.244585
1 0.208209
1 0.258711
1 0.252511
1 0.218356
1 0.199211
1 0.286925
1 0.286819
1 0.179241
14 0.173219
14 0.230677
10 0.0609358
10 0.0531198
10 0.0508492
10 0.0748653
10 0.105464
10 0.103111
10 0.0964115
10 0.0577081
10 0.0624729
10 0.0622037
10 0.0732221
10 0.11174
10 0.104987
10 0.0833952
13 0.189034
13 0.272609
13 0.225443
13 0.237203
13 0.28833
13 0.173352
3 0.0930327
3 0.053057
3 0.232686
10 0.118349
10 0.0978474
10 0.0970326
2 0.235484
2 0.0769949
2 0.0556636
2 0.0625154
2 0.0430255
2 0.0450488
2 0.0442184
2 0.0467828
2 0.0416252
2 0.0505044
13 0.246233
10 0.129196
10 0.120503
10 0.0911178
2 0.0746247
2 0.129637
2 0.1375
2 0.111971
2 0.149698
2 0.130038
2 0.136237
2 0.133866
2 0.13779
13 0.190084
10 0.058505
10 0.0718316
10 0.0564375
10 0.0801621
10 0.100412
10 0.0987127
10 0.0742707
14 0.208244
14 0.212299
14 0.169145
0 0.133079
0 0.141563
0 0.151011
0 0.137812
0 0.142148
0 0.139633
0 0.139674
0 0.149736
0 0.152637
0 0.146937
0 0.147767
10 0.104764
10 0.110606
10 0.11232
3 0.144213
3 0.0795235
3 0.0696296
10 0.402657
0 0.168583
15 0.206539
0 0.177065
0 0.187233
0 0.186
0 0.168386
5 0.178289
15 0.114444
15 0.1122
15 0.161832
3 0.11582
3 0.0786491
3 0.0767438
3 0.28151
14 0.15175
10 0.14734
10 0.164005
12 0.404365
12 0.46844
12 0.37533
8 0.492008
8 0.591681
14 0.174297
0 0.636533
10 0.0935416
10 0.241303
11 0.0521221
11 0.0330886
11 0.0750102
11 0.0479645
11 0.038856
11 0.0401695
14 0.21332
7 0.459048
7 0.282191
7 0.499788
14 0.185924
15 0.0834212
15 0.0794031
15 0.10843
15 0.0765262
15 0.108732
15 0.0926539
15 0.0780381
15 0.0531136
14 0.182048
14 0.404697
14 0.0803272
14 0.413196
10 0.366906
14 0.263198
14 0.240063
14 0.0735301
15 0.105735
15 0.106234
14 0.122402
15 0.108226
15 0.117669
13 0.310704
13 0.0936619
14 0.333948
14 0.239228
13 0.276258
13 0.264901
14 0.138531
15 0.107526
15 0.11986
15 0.0698436
7 0.471521
14 0.384671
10 0.124298
10 0.145582
10 0.262565
9 0.438403
3 0.105625
3 0.0791168
3 0.0769633
14 0.340974
14 0.152549
14 0.157416
14 0.150908
0 0.32037
0 0.211503
9 0.256372
9 0.317121
0 0.261075
0 0.297506
14 0.184165
15 0.315899
13 0.333806
13 0.285337
5 0.45611
14 0.353091
13 0.27515
14 0.316747
5 0.427641
14 0.350885
14 0.381917
14 0.179288
0 0.415024
1 0.347266
1 0.371877
0 0.313116
1 0.348666
1 0.27029
14 0.13841
10 0.134849
10 0.146283
13 0.337097
13 0.212557
13 0.301692
2 0.301753
13 0.243316
2 0.0544452
2 0.0532466
10 0.156744
14 0.131063
0 0.144778
0 0.153025
0 0.148057
10 0.147452
3 0.109136
3 0.0784504
3 0.0857234
14 0.158845
0 0.149353
14 0.161852
14 0.166525
14 0.160772
14 0.164037
14 0.174997
5 0.228629
15 0.131362
15 0.124539
15 0.115766
15 0.114779
15 0.117547
15 0.114152
3 0.165042
3 0.0677163
3 0.0753455
3 0.141526
3 0.0791374
3 0.0763348
5 0.38863
0 0.235379
14 0.247067
10 0.137703
10 0.0796379
10 0.0677968
10 0.0767847
10 0.0737641
12 0.459
12 0.540768
12 0.555822
8 0.348952
15 0.240468
14 0.16225
14 0.297518
0 0.665723
0 0.392037
10 0.0983342
10 0.0980193
10 0.0726425
10 0.0804745
10 0.234035
11 0.0456187
11 0.0581031
11 0.0444484
11 0.047718
11 0.0463868
11 0.0332957
11 0.0408448
11 0.031629
11 0.0318528
11 0.0304057
11 0.0167406
11 0.0277563
11 0.0178383
11 0.0181373
11 0.0159433
11 0.014471
11 0.0143305
11 0.0151144
11 0.0156518
11 0.0156089
11 0.019612
11 0.0221482
11 0.024032
11 0.0608035
11 0.17213
11 0.0491187
11 0.0577217
11 0.045251
11 0.0467401
11 0.0453497
11 0.032765
11 0.0401476
11 0.0308827
11 0.0320479
11 0.030136
11 0.0168437
11 0.0256765
11 0.0166865
11 0.0148674
11 0.0169346
11 0.0150851
11 0.0145197
11 0.015157
11 0.0160859
11 0.0164061
11 0.0196263
11 0.0231116
11 0.0234485
11 0.06463
14 0.254631
14 0.20962
3 0.0950755
3 0.0542021
3 0.116627
3 0.0783949
3 0.0881281
7 0.450456
14 0.213807
14 0.24628
15 0.129208
15 0.0780851
15 0.0726534
15 0.0690848
15 0.0804094
15 0.0760442
15 0.0721997
15 0.0869759
15 0.061182
15 0.0750055
15 0.0633775
15 0.0658045
15 0.0826564
15 0.0891771
15 0.0706809
15 0.0699184
15 0.0746386
15 0.0967668
15 0.0795893
15 0.0879317
15 0.0774019
15 0.0875757
15 0.0888241
15 0.0842834
15 0.0839692
15 0.0875135
15 0.0818943
15 0.0861565
15 0.0770215
15 0.0815298
15 0.0812582
15 0.0608873
14 0.183692
14 0.379868
10 0.422334
14 0.124588
14 0.255513
14 0.216059
14 0.197299
14 0.209788
14 0.180295
15 0.136375
15 0.0721617
15 0.0758951
15 0.0750266
15 0.132511
14 0.178296
15 0.100628
15 0.0747781
15 0.078802
15 0.0687171
14 0.148106
14 0.337968
14 0.222138
14 0.230882
14 0.283038
14 0.239474
15 0.0838184
15 0.0661376
15 0.0813426
15 0.0861982
15 0.0661636
15 0.0766874
15 0.0696091
15 0.087363
15 0.0647486
15 0.0834975
15 0.0693192
15 0.0901578
15 0.0699974
15 0.0680264
15 0.0741944
14 0.290458
15 0.170636
10 0.0607781
10 0.0594447
10 0.0823004
10 0.0602707
10 0.0920159
10 0.0828445
10 0.0898965
9 0.235622
9 0.130659
9 0.198591
9 0.128859
9 0.125543
3 0.0786454
3 0.0565085
3 0.106374
3 0.0784275
3 0.102683
0 0.371467
14 0.166178
14 0.183811
14 0.180991
14 0.185889
14 0.187063
10 0.137068
10 0.0816129
10 0.106654
0 0.162087
0 0.200932
0 0.210013
0 0.111744
9 0.0986644
9 0.135649
9 0.223585
9 0.154561
0 0.190272
0 0.288979
0 0.282725
0 0.267607
0 0.29313
0 0.294932
0 0.298401
14 0.294554
14 0.173419
14 0.257666
3 0.313242
3 0.0585597
3 0.109175
3 0.0785867
3 0.0926246
3 0.707739
15 1.06262
14 0.69203
14 0.225068
5 0.242627
13 0.108744
13 0.113743
13 0.112067
5 0.305608
5 0.255611
13 0.111208
13 0.112808
13 0.112621
5 0.337816
5 0.265533
13 0.110118
13 0.107165
13 0.108685
14 0.121442
0 0.262488
1 0.308686
1 0.310639
1 0.32059
1 0.319876
0 0.321717
0 0.265434
1 0.292565
1 0.301829
1 0.312468
1 0.306237
0 0.237784
10 0.160432
10 0.0902872
10 0.101616
10 0.0963023
10 0.0654261
10 0.0706571
10 0.10617
10 0.189481
10 0.171472
3 0.0749655
3 0.133844
3 0.0791956
3 0.0763445
3 0.32279
10 0.0972876
13 0.133
2 0.172607
15 0.494459
15 0.492739
13 0.200687
15 0.490089
13 0.199712
13 0.255956
15 0.450828
13 0.234386
15 0.432022
13 0.253406
10 0.327105
10 0.216584
2 0.0497679
2 0.101446
2 0.101557
2 0.104306
2 0.169452
10 0.0650961
10 0.0510678
10 0.106694
14 0.214932
