6 0.479469
2 0.146017
0 0.0183838
11 0.0117932
9 0.0265445
2 0.0466501
2 0.0501075
0 0.0485039
2 0.0408789
2 0.0560169
0 0.015607
8 0.0170113
11 0.0173508
8 0.0103688
11 0.0145763
11 0.00872055
11 0.00852868
11 0.00567215
11 0.00813812
11 0.0227448
11 0.00615625
11 0.00454114
11 0.00700353
11 0.00411595
11 0.00945191
11 0.00480024
11 0.00757854
11 0.00649381
11 0.0155205
11 0.0108828
8 0.00957861
11 0.0106728
8 0.0110716
8 0.00456683
8 0.00926095
11 0.00901437
11 0.007329
11 0.00681445
11 0.00748269
11 0.00745745
11 0.0102473
11 0.0130488
11 0.00699062
11 0.00721576
11 0.00803903
11 0.01343
11 0.00897018
11 0.0057076
11 0.00585878
11 0.0062648
8 0.00802787
8 0.00986705
11 0.0131732
8 0.0211048
8 0.00914661
8 0.012401
8 0.00848839
8 0.00810039
11 0.00900802
11 0.0100328
11 0.00600454
11 0.00753
11 0.0118019
8 0.00940803
11 0.00919424
11 0.00922571
11 0.00410494
11 0.00427365
11 0.00530369
8 0.00362858
8 0.0185596
11 0.0144699
8 0.0140237
11 0.00826638
11 0.00313459
8 0.0106967
8 0.0175112
8 0.0080402
8 0.0197003
8 0.0111255
11 0.00951941
8 0.007324
8 0.00801223
11 0.00466168
11 0.00732596
11 0.0135283
8 0.00762437
11 0.0112841
9 0.0188642
11 0.0120374
11 0.00617501
11 0.00666277
11 0.00552504
8 0.013929
8 0.0134166
11 0.005346
8 0.0188957
9 0.0191522
8 0.0197326
8 0.00906033
11 0.0140082
9 0.0194161
9 0.00817201
9 0.0157609
9 0.0162716
8 0.00957621
8 0.0116304
8 0.00838525
8 0.00325742
8 0.0074288
8 0.0138414
8 0.00867774
9 0.00906983
9 0.019642
9 0.010206
8 0.00895439
8 0.00384501
8 0.00939994
8 0.0124806
9 0.00664052
8 0.0180183
11 0.00549061
11 0.0119993
8 0.00315277
9 0.0187641
9 0.0113753
9 0.0201944
9 0.00489927
0 0.0206027
0 0.0221486
9 0.00897948
9 0.00766192
8 0.005082
8 0.00297327
8 0.00881467
11 0.00982529
11 0.0125961
8 0.00466958
9 0.013567
9 0.0131631
9 0.00831988
9 0.00696351
0 0.0143306
9 0.0251191
9 0.00797657
9 0.0241466
9 0.00975599
0 0.0272704
11 0.00744757
11 0.0176582
11 0.011702
8 0.00626035
8 0.00611177
8 0.00600564
8 0.0113097
11 0.0123483
8 0.00756645
8 0.00272529
11 0.010088
11 0.00459695
8 0.0105981
8 0.0140188
11 0.0049277
8 0.00464506
8 0.00783255
11 0.0110041
11 0.013508
8 0.00496521
8 0.00988119
9 0.0209293
9 0.00659824
8 0.00791896
8 0.00675742
8 0.0138098
11 0.0083678
8 0.00830563
9 0.0134125
9 0.0103414
9 0.00809279
8 0.00844986
11 0.0060908
8 0.00708223
9 0.00959882
9 0.00774964
9 0.00793326
9 0.0140321
9 0.0108583
0 0.0187554
9 0.00607874
9 0.018427
8 0.0106134
8 0.0159374
9 0.00533722
8 0.0191292
9 0.0098248
9 0.0196451
9 0.014593
9 0.0177154
9 0.0158237
8 0.0102885
8 0.00538971
8 0.0114084
9 0.00687846
9 0.00919473
9 0.00854556
9 0.00843325
9 0.0129907
8 0.00920443
9 0.0150758
8 0.00551526
9 0.0127534
9 0.0187378
9 0.00788666
9 0.00596804
2 0.0356031
9 0.0160073
9 0.00972558
11 0.0122889
8 0.01796
8 0.00538044
9 0.00478969
9 0.00620131
2 0.0325853
2 0.0484738
2 0.04715
2 0.0387787
2 0.0472347
2 0.0399923
0 0.0287006
2 0.0386875
2 0.0384911
0 0.0173122
0 0.00960632
0 0.0195227
0 0.0265412
2 0.032594
2 0.0454153
0 0.0129243
0 0.0173542
0 0.014548
0 0.0107619
0 0.0207732
0 0.0188608
0 0.0315714
2 0.0423138
2 0.0726647
2 0.0434383
0 0.00955112
0 0.0189304
0 0.0102792
0 0.0158915
2 0.0389706
2 0.0407257
9 0.0122788
8 0.00604237
8 0.00974802
9 0.00935013
8 0.00636987
11 0.007358
8 0.0148587
8 0.0139292
11 0.0113272
9 0.012819
0 0.0105781
9 0.00382058
2 0.0464036
0 0.0110604
0 0.0182111
9 0.00933893
0 0.0124913
9 0.00524846
9 0.0214701
0 0.0238792
0 0.00963311
2 0.0360267
2 0.0342583
0 0.0208356
9 0.0101313
9 0.0101256
0 0.00892525
9 0.0103991
8 0.00926013
8 0.00746831
8 0.00746261
9 0.0204201
8 0.0144602
8 0.0104591
8 0.00762438
9 0.00490408
0 0.0138718
9 0.0106775
9 0.0136221
9 0.0208813
9 0.00700199
9 0.00571118
8 0.00860808
9 0.0101632
9 0.0154958
2 0.0398831
0 0.00682784
0 0.0193962
0 0.00520201
0 0.00641512
0 0.0235014
0 0.00699277
9 0.0162284
0 0.0082393
9 0.0226973
0 0.00701686
8 0.013451
9 0.00677554
8 0.0173253
8 0.00393805
8 0.0134179
11 0.0152669
8 0.0109947
8 0.00568896
9 0.0144276
11 0.00464509
8 0.00984059
8 0.00730179
11 0.0059521
8 0.00448368
9 0.0109542
11 0.00847334
8 0.0159148
9 0.00940316
0 0.00737449
9 0.0199151
0 0.00678986
0 0.00880602
0 0.00666904
0 0.00733561
0 0.0090274
8 0.0108004
11 0.00665327
9 0.00673908
0 0.0114457
0 0.0163325
0 0.008947
8 0.0114138
8 0.0121151
8 0.00429757
8 0.0125142
11 0.0121523
11 0.00755014
8 0.00393196
8 0.012367
11 0.00995356
8 0.0111977
8 0.00443888
11 0.00583019
8 0.00313095
8 0.00351909
11 0.00711082
8 0.00810692
11 0.0116001
11 0.00492079
11 0.0153774
8 0.00540264
8 0.0151629
0 0.00956022
0 0.0281064
8 0.00723121
11 0.00346478
11 0.006216
11 0.00699515
8 0.0181743
8 0.0065472
8 0.0113869
8 0.0129498
11 0.0114235
11 0.00639815
11 0.0105259
9 0.0116151
8 0.0116469
11 0.0117306
8 0.0134415
8 0.0080626
11 0.00642086
11 0.00333122
11 0.0141477
8 0.00666354
11 0.0064448
8 0.01168
8 0.0133448
8 0.00963236
11 0.0144222
8 0.0149558
0 0.00705292
0 0.0399325
11 0.0122837
11 0.00455078
11 0.00527982
11 0.00905473
11 0.00803634
11 0.00576506
11 0.0086776
8 0.00746938
8 0.00973633
9 0.00815243
8 0.00570424
8 0.0115634
8 0.018546
11 0.00957599
11 0.0130915
11 0.00834424
11 0.00679863
11 0.0105021
11 0.011589
8 0.00995641
8 0.00335899
11 0.00526096
8 0.00568719
8 0.00305311
11 0.0120355
8 0.00473213
9 0.0111499
9 0.0220275
9 0.0247478
0 0.0417733
0 0.0139498
9 0.00802503
9 0.00532612
0 0.0130265
0 0.0182612
9 0.0119483
8 0.00575315
8 0.00806495
11 0.00749956
8 0.0113801
8 0.00727309
11 0.006409
11 0.00710835
11 0.00738306
11 0.00340528
11 0.00422248
11 0.0240805
8 0.00993322
8 0.00481665
8 0.0132209
11 0.00958459
8 0.0074958
8 0.013984
9 0.0103606
0 0.019091
11 0.0149731
11 0.00845226
8 0.00789025
11 0.0166203
11 0.00390438
8 0.00918335
9 0.00735403
9 0.00788843
8 0.0106055
8 0.00743841
11 0.0114275
8 0.00766879
11 0.00490973
11 0.00971319
11 0.00691033
11 0.00665339
11 0.0102072
11 0.00575154
11 0.00593051
11 0.0239225
8 0.00509673
8 0.0184144
8 0.0141109
0 0.0300059
0 0.00458878
8 0.0196758
8 0.00931989
0 0.0204437
9 0.00982145
9 0.0138012
9 0.0231917
9 0.0129054
0 0.0125843
9 0.0151385
9 0.0168359
8 0.0100133
11 0.00660614
8 0.00898248
9 0.0150205
0 0.00866181
0 0.0137298
0 0.00880558
0 0.00584588
9 0.00750808
9 0.0147937
9 0.00841101
9 0.0242272
8 0.0107361
0 0.00995203
9 0.00918608
9 0.00811438
0 0.0116842
11 0.0120185
11 0.0270776
11 0.00871476
11 0.0052643
11 0.00767435
11 0.00995689
11 0.025372
11 0.00809134
11 0.0115869
8 0.00802277
9 0.015516
0 0.0160638
9 0.0197343
0 0.022414
8 0.00867331
11 0.0032865
11 0.00564034
11 0.00888847
11 0.0194838
11 0.00695659
11 0.0090476
11 0.0104162
11 0.00944586
9 0.012008
0 0.0169911
0 0.00723304
0 0.0146559
8 0.00669906
11 0.0109803
11 0.0309394
11 0.00614373
11 0.00895258
11 0.00529698
11 0.00298528
11 0.013282
11 0.0076277
6 0.248649
6 0.246551
6 0.247675
6 0.247588
6 0.247283
6 0.247532
6 0.248583
6 0.248762
6 0.249316
6 0.248458
6 0.247962
6 0.248567
6 0.249041
6 0.248755
6 0.598415
6 0.64281
6 0.726466
6 0.787285
6 0.787282
6 0.787286
6 0.283017
6 0.355088
6 0.35509
6 0.355088
6 0.35509
6 0.355088
6 0.35509
6 0.35509
6 0.355088
6 0.35509
6 0.349642
12 0.000328886
12 0.000330063
12 0.000328242
12 0.000328994
12 0.00015383
12 0.00038107
12 0.00037802
12 0.000380534
12 0.00037802
12 0.000380767
12 0.000377241
12 4.05039e-05
12 0.000329423
12 0.000329546
12 0.000329868
12 0.000328886
12 0.000330063
12 0.000328242
12 0.000372336
12 0.000376919
12 0.000381475
6 0.571135
4 0.441849
4 0.0789729
5 0.104805
4 0.0417409
4 0.191759
4 0.165642
10 0.209113
10 0.133989
10 0.0471244
5 0.0816225
4 0.061139
4 0.0655443
4 0.0597685
4 0.0994487
4 0.0662945
5 0.0816817
5 0.0873743
5 0.0934061
4 0.15294
4 0.074777
4 0.108107
4 0.0937934
4 0.102613
10 0.106454
10 0.0546563
10 0.0600955
4 0.195757
4 0.121979
4 0.185648
4 0.126467
7 0.0885425
3 0.0667675
10 0.0152261
10 0.0191809
7 0.0763697
2 0.10693
10 0.0477538
10 0.0734581
1 0.0804927
2 0.0841416
10 0.0637717
10 0.0431974
10 0.0730866
7 0.0319432
3 0.0426368
10 0.028696
10 0.0146314
7 0.0798738
2 0.0787397
10 0.0343997
10 0.0360048
1 0.0472856
2 0.0572478
10 0.0568677
10 0.0392132
1 0.0337253
2 0.0970819
1 0.0889354
10 0.0296153
5 0.0656468
7 0.0309453
3 0.0567669
10 0.0210806
10 0.0179506
7 0.0780711
2 0.0633523
10 0.0217011
10 0.0253656
1 0.102825
2 0.0768779
10 0.160844
10 0.0350137
10 0.0387293
1 0.0677228
2 0.0810101
1 0.0868287
10 0.0130319
1 0.0675215
7 0.0273147
3 0.089505
10 0.0470028
10 0.0425825
7 0.0967617
2 0.0904715
10 0.0223623
5 0.0360342
1 0.0345735
2 0.051063
1 0.059248
10 0.034744
10 0.0672039
7 0.0229538
3 0.0620804
5 0.0399166
5 0.0348823
7 0.0776564
2 0.0988081
10 0.022421
10 0.0382923
7 0.085119
2 0.0977462
10 0.0171612
10 0.0123858
1 0.0972968
2 0.0809285
10 0.016513
10 0.0414413
1 0.0427229
7 0.113851
1 0.125268
4 0.141816
1 0.0936615
10 0.173212
7 0.024217
3 0.0711255
10 0.0201053
10 0.0336461
7 0.0766395
2 0.0717707
5 0.0215985
5 0.0484672
1 0.0664438
2 0.0677267
10 0.0346422
10 0.0189852
1 0.0276703
2 0.0466843
5 0.0484295
5 0.010653
1 0.0424733
2 0.0597878
1 0.0955583
5 0.00632083
1 0.0682793
7 0.0566819
3 0.0298103
10 0.0416688
10 0.0178663
7 0.0400505
3 0.118804
10 0.0481528
5 0.0480943
7 0.100535
2 0.0498544
10 0.0152111
10 0.0388642
1 0.0388439
2 0.0464836
1 0.0698522
10 0.0211305
10 0.0714058
7 0.112431
1 0.138842
10 0.124152
10 0.0211712
10 0.0428713
7 0.0238644
3 0.0300498
5 0.0167926
5 0.0178577
7 0.0193874
3 0.0476897
5 0.0419106
5 0.0394238
7 0.0811425
2 0.0759671
5 0.0254115
5 0.0144322
1 0.0720418
2 0.044694
5 0.0287693
5 0.0197216
1 0.0263976
2 0.03084
5 0.0414304
5 0.0281159
1 0.0263371
2 0.0557115
10 0.0785439
10 0.0131785
1 0.0568933
2 0.105844
3 0.0891792
5 0.0160554
5 0.01745
7 0.0193402
3 0.0432249
5 0.0175392
5 0.0385634
7 0.075104
2 0.0784969
10 0.0478932
10 0.0477953
1 0.107212
2 0.0796029
10 0.118662
10 0.0248897
10 0.0267762
1 0.0536237
2 0.0479129
5 0.0275408
5 0.0174744
1 0.0219728
2 0.0337766
10 0.0785388
5 0.0202978
1 0.0570037
2 0.0361926
5 0.055726
5 0.0257787
1 0.0472919
2 0.0307396
5 0.0359402
5 0.0176222
1 0.04189
2 0.0532401
1 0.0829304
10 0.0398004
1 0.0462346
7 0.112395
3 0.105418
5 0.0257484
5 0.0374976
7 0.0361696
3 0.0471948
5 0.0177343
5 0.0174205
7 0.0239144
3 0.0783594
5 0.014004
5 0.0109508
7 0.0920321
2 0.0943996
5 0.0251517
5 0.0199839
1 0.0954177
3 0.0822004
10 0.0459238
10 0.0244651
10 0.0413473
1 0.0568476
2 0.0589069
5 0.0115513
5 0.0219703
1 0.0412212
2 0.0716957
1 0.0941486
5 0.01375
5 0.0664223
7 0.105151
3 0.0963456
5 0.0207388
5 0.0449823
7 0.0383953
3 0.0520467
10 0.0435677
10 0.0234453
7 0.100929
2 0.0900119
10 0.0321779
10 0.0253759
1 0.0723889
2 0.0676044
5 0.0321295
5 0.0176631
1 0.0369067
2 0.0863021
1 0.105095
5 0.0311455
5 0.0497288
7 0.107701
3 0.117749
5 0.0403883
5 0.0627677
7 0.0798724
3 0.0514629
5 0.0752403
5 0.144732
2 0.0333439
4 0.112829
3 0.0594349
10 0.0404383
5 0.0501344
7 0.0197548
3 0.0612548
5 0.0208532
5 0.0127143
7 0.0821724
2 0.080788
5 0.0177221
5 0.0304111
1 0.043455
2 0.0356774
5 0.0470944
5 0.022121
1 0.0704488
7 0.0625813
3 0.0391032
5 0.0166598
5 0.0125199
7 0.0401106
3 0.104968
5 0.0247997
5 0.0167553
7 0.0848562
2 0.074942
5 0.0294705
5 0.0496828
1 0.0254874
2 0.0901781
1 0.0969612
5 0.0148647
5 0.0147483
7 0.069466
2 0.0876527
5 0.034621
5 0.0543851
1 0.0472554
2 0.0350914
4 0.143678
5 0.0655501
5 0.0252702
1 0.0369808
2 0.0452683
5 0.0349972
5 0.0101039
1 0.0489008
2 0.0470912
5 0.0265311
5 0.0244237
1 0.0476466
7 0.104152
3 0.086263
5 0.0165153
5 0.0372781
7 0.0768857
3 0.0678683
5 0.0390765
5 0.0448226
2 0.0888136
5 0.0409228
5 0.0333005
1 0.0727659
2 0.0454663
5 0.0074582
5 0.0179097
1 0.0351733
2 0.0405782
5 0.0302976
5 0.0260167
1 0.0354779
2 0.0375686
5 0.0354007
5 0.0210126
1 0.0350616
2 0.0447435
5 0.00761492
5 0.0125607
1 0.0450113
2 0.0275196
5 0.10962
4 0.152123
7 0.0694259
4 0.11217
2 0.0513705
5 0.0155084
5 0.0150875
1 0.0295036
2 0.0404532
5 0.0144017
5 0.0168422
1 0.0453117
2 0.0970797
3 0.106191
5 0.0124235
5 0.0281765
7 0.022106
3 0.0821791
5 0.0240056
5 0.0157509
1 0.103089
2 0.108032
4 0.102898
5 0.0933074
3 0.0657589
5 0.026996
5 0.0213919
7 0.0203869
3 0.0572886
5 0.0176286
5 0.0175344
7 0.0960666
3 0.114454
5 0.110848
5 0.0448455
2 0.0427028
5 0.0897316
5 0.0707158
7 0.0885471
3 0.102518
5 0.0568951
1 0.0689409
2 0.0258984
5 0.082183
4 0.151645
2 0.0675927
4 0.173855
3 0.0756214
10 0.0410095
5 0.0499232
7 0.0639106
3 0.125615
