1 0
4 0.305769
3 6.40382e-05
3 6.573e-05
4 0.305769
2 0.042193
2 0.00622497
2 0.00464465
3 6.89999e-05
2 0.0152756
3 6.40382e-05
3 6.89999e-05
3 6.573e-05
2 0.00452216
2 0.0645348
3 6.573e-05
0 0.00102006
0 0.00361829
2 0.0262742
2 0.0109893
2 0.0100655
2 0.027469
2 0.0107827
2 0.0102414
2 0.026391
2 0.0105307
2 0.0120586
2 0.0291967
2 0.0115641
0 0.00602205
2 0.0020349
2 0.0103312
2 0.0107679
2 0.0279361
0 0.0060658
2 0.0104115
2 0.0111591
2 0.00268456
2 0.0128266
0 0.00430035
0 0.00634611
0 0.00594925
2 0.00165497
2 0.00978582
2 0.0102879
0 0.00413665
2 0.0202232
2 0.0103742
2 0.0102702
2 0.00155971
0 0.00593827
0 0.0054545
2 0.00146708
2 0.0114117
2 0.0107661
2 0.00151091
2 0.0102782
0 0.00580232
2 0.00152054
0 0.00635625
2 0.00488996
2 0.0086612
0 0.00550723
0 0.0059163
2 0.00180631
0 0.00564392
0 0.00657401
2 0.00153851
0 0.00554911
2 0.011768
2 0.00224953
2 0.0102221
2 0.0111894
2 0.00269225
0 0.00585901
2 0.00333254
2 0.00592388
2 0.0116969
0 0.0063416
0 0.00395004
0 0.00154442
0 0.00124169
0 0.00186223
0 0.00529305
0 0.00142988
0 0.00703566
0 0.00131128
0 0.00132146
0 0.00783694
0 0.00677761
0 0.00835645
0 0.00150878
2 0.0205555
3 6.573e-05
3 6.573e-05
3 6.40382e-05
3 6.89999e-05
2 0.0152895
0 0.00396379
0 0.00306729
0 0.00251114
0 0.00254142
0 0.00250039
0 0.00325002
0 0.00247978
3 6.573e-05
0 0.00249364
0 0.00261446
0 0.00305576
0 0.00242751
0 0.00258716
0 0.00245926
0 0.00121901
2 0.0050062
3 6.573e-05
0 0.00211729
0 0.00127936
0 0.000898674
3 6.89999e-05
0 0.0003603
0 0.000364357
3 0.000330687
0 0.00056816
0 0.000509872
0 0.000667679
3 6.89999e-05
0 0.000838774
0 0.00051473
3 0.000514844
0 0.00203357
0 0.00148239
0 0.000439841
3 0.000279476
0 0.00237846
0 0.00396334
0 0.00377706
0 0.00365005
0 0.00828409
0 0.00389
0 0.00418676
0 0.00321335
0 0.00309769
0 0.00249067
0 0.00242682
3 6.573e-05
0 0.00259231
0 0.00288423
0 0.00242287
0 0.00245377
0 0.00297474
0 0.0024961
0 0.00248681
0 0.00242705
0 0.00300361
0 0.0023912
0 0.00405255
0 0.00339566
0 0.00249306
0 0.00411834
0 0.0034497
0 0.00265216
0 0.00274099
0 0.00318642
0 0.0026316
0 0.00267197
0 0.00252677
0 0.00315375
0 0.00251374
0 0.00258997
0 0.00253335
3 0.000144536
0 0.00302796
0 0.00245518
0 0.00261219
0 0.00266973
0 0.00289221
0 0.00255513
0 0.00252406
0 0.00261042
0 0.00304015
0 0.00252984
0 0.00310463
0 0.00271439
0 0.00308884
0 0.0024751
0 0.00259509
0 0.00251721
0 0.00305225
0 0.00248248
0 0.00246272
3 0.00691055
3 0.00671751
0 0.00315817
0 0.00241244
0 0.00829239
3 6.573e-05
0 0.00245533
0 0.00244227
0 0.0030938
0 0.00263974
0 0.00247494
0 0.00248163
0 0.00301682
0 0.00240167
0 0.0025059
0 0.00263782
0 0.00310748
0 0.00240579
0 0.00260204
0 0.00266652
0 0.00303117
0 0.00242207
0 0.00247496
0 0.0027706
3 0.000452679
0 0.00249607
0 0.00262851
0 0.00249117
0 0.00310611
0 0.00251242
0 0.00246255
0 0.00243393
0 0.00308634
0 0.00254098
0 0.00236368
0 0.00262838
0 0.00323729
0 0.00239839
0 0.00258872
0 0.00253239
0 0.00305512
0 0.00252968
3 6.89999e-05
0 0.00256831
0 0.0026222
0 0.00314445
0 0.00260186
0 0.00264138
0 0.00256566
0 0.00316008
0 0.00257222
0 0.00257428
0 0.00260099
0 0.0031062
0 0.00265344
0 0.00301913
0 0.00560557
0 0.00403411
0 0.00327538
0 0.00534641
0 0.00172161
0 0.00362114
0 0.00473696
0 0.00908374
0 0.00565561
0 0.0145432
3 0.000512491
0 0.000669741
0 0.000673935
3 6.573e-05
0 0.00245603
0 0.00258226
3 6.573e-05
0 0.00100277
3 6.573e-05
0 0.00189958
0 0.00855536
3 0.000464463
0 0.000640943
0 0.00091756
0 0.000537976
3 6.573e-05
0 0.0028458
3 6.573e-05
2 0.00114191
3 6.89999e-05
0 0.00226515
2 0.00434753
2 0.00433645
3 6.573e-05
2 0.00167161
3 6.573e-05
0 0.00296548
3 6.573e-05
2 0.00198694
3 6.40382e-05
2 0.00148913
0 0.00153005
3 6.89999e-05
0 0.000692734
0 0.0008397
3 6.40382e-05
0 0.00155459
0 0.00122332
0 0.00134683
0 0.0006918
3 6.40382e-05
0 0.00107917
0 0.000830612
3 0.000351754
0 0.000967591
0 0.00139931
0 0.00104012
0 0.00052745
3 6.573e-05
0 0.000846115
0 0.00132728
0 0.00132276
3 6.89999e-05
0 0.0104819
3 6.573e-05
3 6.573e-05
0 0.0055352
0 0.00295629
0 0.0105564
3 6.573e-05
0 0.00242467
0 0.00954479
0 0.00148457
0 0.00138199
0 0.00157004
0 0.00983214
0 0.0069025
0 0.00194366
0 0.00148987
0 0.00965343
0 0.00328119
0 0.00418485
0 0.00504227
0 0.00383788
0 0.00230846
0 0.00242069
0 0.00286816
0 0.00229173
0 0.00235454
0 0.00434185
0 0.00358634
0 0.00238256
0 0.00291577
0 0.00220494
3 6.89999e-05
0 0.00236068
0 0.00290286
0 0.00223899
0 0.00244205
0 0.00477463
0 0.00380909
0 0.00250328
0 0.00310352
0 0.00239859
0 0.00308315
0 0.00339525
0 0.0076616
3 6.573e-05
2 0.00521076
3 6.40382e-05
2 0.00450194
0 0.00269151
3 6.89999e-05
0 0.00107572
0 0.000998146
3 6.40382e-05
0 0.00181269
0 0.00144789
0 0.00526149
0 0.00166337
0 0.00203956
0 0.00418147
0 0.00461458
0 0.00291585
0 0.00525257
0 0.00462575
0 0.00273129
0 0.00189868
0 0.00173082
0 0.00684146
0 0.00198865
0 0.00259904
0 0.00715317
0 0.00262816
0 0.00201912
0 0.00671441
0 0.00345496
0 0.00177277
0 0.00706955
0 0.00292388
0 0.00277707
0 0.00614649
0 0.00436419
0 0.00372324
0 0.0120793
3 6.89999e-05
0 0.00118838
3 6.573e-05
0 0.00191412
0 0.00304449
0 0.00151521
3 6.89999e-05
2 0.0176154
3 6.89999e-05
3 6.573e-05
3 6.573e-05
3 6.573e-05
0 0.016902
3 6.573e-05
0 0.00902352
3 6.573e-05
3 6.573e-05
0 0.00836777
3 6.573e-05
0 0.00237489
0 0.0070017
0 0.00122685
3 6.573e-05
0 0.0020427
3 6.573e-05
0 0.0014344
0 0.00300653
0 0.00125214
3 6.573e-05
0 0.00111333
0 0.00206128
3 6.573e-05
0 0.00159152
3 6.89999e-05
0 0.00104246
0 0.00188396
3 6.573e-05
0 0.00153203
0 0.00180087
3 6.573e-05
0 0.00153086
3 6.573e-05
0 0.00152145
0 0.00883986
3 6.573e-05
3 6.40382e-05
2 0.011005
3 6.573e-05
3 6.89999e-05
2 0.00308346
0 0.00108886
3 6.573e-05
0 0.00676811
3 6.89999e-05
0 0.00340296
0 0.00430021
3 6.573e-05
0 0.00564502
3 6.89999e-05
0 0.000916887
0 0.00113675
0 0.00219453
0 0.00133324
0 0.00575144
0 0.00388121
0 0.00202144
0 0.00261971
0 0.00152324
3 6.573e-05
0 0.00216433
0 0.00208374
0 0.00631283
0 0.00272809
0 0.00196909
3 6.573e-05
0 0.00219117
0 0.00280994
0 0.00227927
0 0.00256041
0 0.00297885
0 0.00383825
0 0.00310236
0 0.00221623
0 0.00239911
0 0.00664477
0 0.00442739
0 0.00290288
0 0.00291735
0 0.00265801
0 0.00393382
0 0.00222833
3 6.573e-05
0 0.000983757
0 0.000823959
0 0.000946391
3 6.573e-05
0 0.000808496
0 0.000999299
0 0.00590018
0 0.00283681
0 0.000676791
3 0.000492816
0 0.00705655
0 0.000668692
0 0.000920262
3 6.573e-05
0 0.00106523
0 0.0017334
0 0.00220891
0 0.00279746
3 6.40382e-05
0 0.0059306
0 0.00232602
0 0.0028408
0 0.00334007
0 0.00284974
0 0.00248705
0 0.00200319
3 6.573e-05
0 0.000908985
0 0.00134139
0 0.00131867
3 6.573e-05
0 0.000628444
0 0.00104977
0 0.00126956
3 6.573e-05
0 0.00179747
0 0.00108084
0 0.00148495
3 6.89999e-05
0 0.000557815
0 0.000864872
0 0.000796097
3 6.89999e-05
0 0.000603354
0 0.000948042
3 6.573e-05
0 0.0058974
3 6.40382e-05
0 0.00514093
3 6.89999e-05
0 0.00169004
0 0.000794666
3 6.573e-05
0 0.000745962
0 0.00141886
3 6.89999e-05
0 0.00254054
0 0.00238133
3 6.573e-05
0 0.00231717
3 6.573e-05
0 0.00251388
3 6.40382e-05
0 0.00261777
0 0.00261717
3 6.40382e-05
0 0.00246991
3 6.40382e-05
0 0.00284731
0 0.00226466
3 6.40382e-05
0 0.00226791
3 6.573e-05
0 0.00138724
0 0.000931384
0 0.003584
3 0.0024427
0 0.000994028
0 0.00131848
3 0.00030967
0 0.00366562
3 6.573e-05
0 0.00259122
0 0.0018641
3 6.40382e-05
0 0.00379558
0 0.00189699
0 0.00168008
3 0.000298085
2 0.0173546
0 0.00659546
0 0.00372576
0 0.0032642
0 0.00443835
3 6.40382e-05
3 6.89999e-05
0 0.00261449
0 0.00153254
0 0.000458317
3 0.000514844
0 0.000778624
0 0.000766713
3 6.573e-05
0 0.000900277
0 0.000576995
0 0.00103836
3 6.573e-05
0 0.00105102
0 0.000853568
0 0.000816356
3 6.89999e-05
0 0.000773882
0 0.00111771
3 6.40382e-05
0 0.00112849
0 0.0010673
2 0.0166149
0 0.00624557
0 0.00114038
0 0.00162494
0 0.00116652
3 6.573e-05
0 0.000964041
0 0.00102246
3 6.89999e-05
0 0.00130013
0 0.00136583
0 0.000793978
3 6.89999e-05
0 0.00094935
0 0.00125096
0 0.00123381
3 6.573e-05
0 0.000918637
0 0.0013212
0 0.00101836
3 6.89999e-05
0 0.000825281
0 0.00351886
0 0.00336278
0 0.000694072
3 0.000514844
0 0.000505767
0 0.00122346
0 0.00167939
3 6.573e-05
0 0.000870622
0 0.00142946
0 0.00129604
3 6.573e-05
0 0.000808058
0 0.00101883
3 6.40382e-05
0 0.000653394
0 0.00425372
0 0.00339177
0 0.00548595
0 0.0037601
0 0.00553542
0 0.00611876
0 0.0037545
0 0.00634185
0 0.00419752
0 0.00645598
0 0.00624289
0 0.0039732
0 0.00681351
0 0.00445612
0 0.00604378
0 0.00561572
0 0.00304958
0 0.00580007
0 0.0025685
0 0.00231114
0 0.00769704
0 0.0036105
2 0.0270859
3 0.000514844
3 0.000228777
3 6.40382e-05
3 6.89999e-05
3 6.573e-05
3 6.573e-05
2 0.0397085
3 6.40382e-05
3 6.89999e-05
3 6.573e-05
3 6.573e-05
3 6.40382e-05
3 6.89999e-05
3 6.573e-05
2 0.018217
0 0.00111648
3 6.573e-05
0 0.00456178
3 6.573e-05
0 0.0062912
3 6.89999e-05
0 0.00202011
0 0.00216869
0 0.00166852
0 0.00384555
0 0.00272188
0 0.0149787
3 6.573e-05
3 6.573e-05
3 6.40382e-05
0 0.0159561
3 6.89999e-05
3 6.573e-05
2 0.0196108
3 6.573e-05
3 6.573e-05
3 6.40382e-05
0 0.0117286
3 6.573e-05
0 0.00377372
3 6.573e-05
0 0.00220473
0 0.00349374
3 6.40382e-05
0 0.0133208
3 6.573e-05
3 6.573e-05
3 6.40382e-05
2 0.00752892
3 6.573e-05
0 0.0165831
3 6.573e-05
3 6.40382e-05
2 0.00797522
3 6.89999e-05
2 0.00516866
0 0.00687599
3 6.40382e-05
2 0.009581
3 0.000286688
3 0.000512491
0 0.0125713
3 6.40382e-05
3 6.89999e-05
0 0.0133632
3 6.573e-05
3 6.573e-05
0 0.0132596
3 0.000326055
3 0.000514844
0 0.0130941
3 6.40382e-05
3 6.89999e-05
0 0.0133529
3 6.89999e-05
3 6.573e-05
0 0.0129034
3 0.000178131
3 6.89999e-05
0 0.0131435
3 6.573e-05
3 6.573e-05
0 0.013314
3 6.89999e-05
3 6.573e-05
0 0.0127912
3 6.573e-05
3 6.573e-05
0 0.0133101
3 6.573e-05
3 6.40382e-05
0 0.0133267
3 6.40382e-05
3 6.89999e-05
0 0.0127635
3 6.573e-05
3 6.40382e-05
0 0.0126919
3 6.40382e-05
3 6.89999e-05
0 0.012916
3 6.573e-05
3 6.573e-05
0 0.0125544
3 6.573e-05
3 6.573e-05
0 0.0124702
3 6.573e-05
3 6.573e-05
0 0.0124203
3 6.40382e-05
3 6.573e-05
0 0.0130913
3 0.000218422
3 0.000514844
0 0.0128694
3 6.573e-05
3 6.573e-05
0 0.0138232
3 6.40382e-05
3 6.89999e-05
0 0.0126215
3 6.40382e-05
3 6.89999e-05
0 0.00510919
0 0.00287262
0 0.00203537
0 0.00058359
3 0.0047151
0 0.00512063
0 0.00057443
0 0.000520413
3 6.573e-05
0 0.000541365
0 0.0013203
0 0.000728384
3 6.573e-05
0 0.00102411
0 0.00092994
3 6.40382e-05
0 0.000978168
0 0.00132491
3 6.40382e-05
0 0.00248758
0 0.00167385
3 6.89999e-05
0 0.00248832
3 6.89999e-05
0 0.00100075
0 0.00164213
0 0.00546266
0 0.00250645
0 0.00675403
0 0.00214426
0 0.00266868
0 0.00665915
0 0.00408876
0 0.00240248
0 0.00259053
0 0.00166815
0 0.00513452
0 0.0025322
3 6.89999e-05
0 0.00179787
0 0.00516003
0 0.00253037
0 0.00161871
3 6.573e-05
0 0.00197586
0 0.00192836
0 0.00204253
0 0.00689881
3 6.573e-05
3 6.40382e-05
0 0.0109505
3 6.573e-05
3 6.40382e-05
0 0.0110171
3 6.573e-05
3 6.573e-05
2 0.0163001
0 0.0119406
3 7.95494e-05
3 6.40382e-05
0 0.00865346
3 6.40382e-05
0 0.00783265
3 6.573e-05
0 0.00761599
3 6.89999e-05
3 6.573e-05
0 0.0185538
3 6.573e-05
3 6.40382e-05
3 6.89999e-05
0 0.00954672
0 0.00145737
0 0.00150056
3 6.89999e-05
0 0.00150319
0 0.00369705
0 0.00187746
0 0.00299046
0 0.00503791
0 0.00717536
0 0.00458735
0 0.00506996
0 0.00211699
0 0.00518081
0 0.00408705
0 0.00456799
0 0.0145079
3 6.573e-05
3 6.40382e-05
0 0.0119985
3 6.89999e-05
3 6.573e-05
0 0.0115167
3 6.89999e-05
3 6.573e-05
0 0.011144
3 6.573e-05
3 6.573e-05
0 0.0112016
3 6.89999e-05
0 0.00393035
3 6.573e-05
0 0.00107455
0 0.000620486
0 0.00102183
3 6.89999e-05
0 0.00113381
0 0.000997179
0 0.00162065
0 0.00227495
3 0.000424413
0 0.00237774
0 0.00148771
0 0.00275006
0 0.0020251
0 0.00244015
0 0.00260974
0 0.00239093
3 6.89999e-05
0 0.00159889
0 0.0015611
0 0.00145046
0 0.00161757
0 0.00280785
3 6.89999e-05
0 0.00207778
0 0.00139594
0 0.00155079
0 0.00163339
3 6.573e-05
0 0.000626733
0 0.00048116
0 0.000631385
3 6.89999e-05
0 0.000807979
0 0.000911345
0 0.000588996
3 6.40382e-05
0 0.000440324
0 0.000982377
3 0.00281271
0 0.00422095
0 0.00735334
3 0.000212579
0 0.0030571
3 6.573e-05
0 0.00174495
0 0.0033621
0 0.00314002
0 0.00278381
0 0.00281627
0 0.00331501
0 0.00343545
0 0.00303326
0 0.00322768
0 0.00312767
0 0.00303433
0 0.00302549
0 0.00178506
3 6.89999e-05
0 0.0158353
3 6.89999e-05
3 6.573e-05
3 6.573e-05
2 0.0179194
3 6.40382e-05
3 6.573e-05
3 6.89999e-05
2 0.0179816
3 6.573e-05
3 6.40382e-05
3 6.89999e-05
2 0.018454
3 6.40382e-05
3 6.89999e-05
3 6.573e-05
3 0.00012063
2 0.024221
3 6.573e-05
3 6.573e-05
3 6.573e-05
2 0.0138548
0 0.012546
3 6.89999e-05
3 6.573e-05
0 0.0105211
3 6.89999e-05
0 0.00366992
3 6.573e-05
0 0.0020213
0 0.00414901
0 0.00586385
0 0.0058248
0 0.00559227
0 0.00750247
0 0.00164617
0 0.00133989
0 0.00202651
0 0.00675008
3 6.89999e-05
3 6.573e-05
0 0.00418669
0 0.0100315
3 0.000512491
3 0.000135603
3 6.573e-05
2 0.0125548
3 6.573e-05
3 6.573e-05
2 0.0116701
3 6.40382e-05
3 6.89999e-05
2 0.0129611
3 6.573e-05
