10 1.67711
10 1.71417
8 1.62223
9 0.689188
8 1.54349
8 0.778384
13 0.825131
13 0.825131
8 1.0679
11 2.06975
9 1.71191
9 2.02147
2 0.827252
11 1.23751
4 0.228281
17 0.349365
5 0.334937
11 0.0271209
11 0.0269532
11 0.0273434
11 0.0273041
11 0.0264701
11 0.0266539
8 0.366458
0 0.234824
7 0.530284
2 0.155051
2 0.0796381
2 0.0252266
2 0.0259465
2 0.0253355
2 0.0256142
2 0.409189
12 0.209851
16 0.287072
14 0.119081
14 0.0145921
14 0.0138474
14 0.0140524
14 0.0137037
14 0.0138032
14 0.0111471
1 0.203571
10 0.105822
10 0.414493
4 0.267434
17 0.541515
5 0.410562
11 0.0265625
11 0.0267505
11 0.0268475
11 0.0268539
11 0.026969
11 0.0270069
8 0.481172
0 0.396037
7 0.657636
2 0.0228248
2 0.0253595
2 0.0255971
2 0.0258507
2 0.0252836
2 0.025868
2 0.531685
12 0.209861
16 0.493158
14 0.0100476
14 0.0113604
14 0.0138758
14 0.0131641
14 0.0133336
14 0.0137835
14 0.014304
10 0.173522
10 0.105754
10 0.470888
4 0.196521
17 0.127433
5 0.264621
11 0.0267002
11 0.0268405
11 0.0268592
11 0.0269277
11 0.0271013
11 0.0270079
8 0.233894
0 0.0411804
7 0.403177
2 0.317459
2 0.0238262
2 0.100026
2 0.0544612
2 0.0252219
2 0.025988
2 0.261936
12 0.209851
16 0.0282429
14 0.292685
14 0.0131552
14 0.0135923
14 0.013885
14 0.0140524
14 0.010072
14 0.0100103
1 0.142349
10 0.105925
10 0.320332
4 0.202253
17 0.310923
5 0.321346
11 0.0268786
11 0.0273504
11 0.0273434
11 0.0267062
11 0.0265862
11 0.0267397
8 0.343741
0 0.202361
7 0.506398
2 0.189213
2 0.100023
2 0.0242993
2 0.0253471
2 0.0256117
2 0.0258386
2 0.384624
12 0.209857
16 0.24354
14 0.156013
14 0.014062
14 0.0134909
14 0.0137628
14 0.0131586
14 0.0127519
14 0.0114874
1 0.193113
10 0.1058
10 0.400874
4 0.291968
17 0.127036
5 0.211197
11 0.0272174
11 0.0273434
11 0.0268416
11 0.0265596
11 0.0267265
11 0.0268559
8 0.126181
0 0.0659597
7 0.268764
9 0.402018
2 0.0254459
2 0.0259067
2 0.038628
2 0.100023
2 0.0325408
2 0.115318
12 0.209851
16 0.230577
3 0.406055
14 0.0134321
14 0.0131619
14 0.0136678
14 0.00943691
14 0.00938332
14 0.014062
1 0.0809795
10 0.105748
10 0.217463
4 0.222147
17 0.0956525
5 0.256143
11 0.0267955
11 0.0268785
11 0.0268387
11 0.0271121
11 0.0269145
11 0.0273434
8 0.213102
0 0.00870287
7 0.38649
2 0.339436
2 0.025794
2 0.0814787
2 0.082957
2 0.0259857
2 0.0253172
2 0.237194
12 0.209857
16 0.01529
14 0.318398
14 0.0140524
14 0.0140068
14 0.0135312
14 0.0109903
14 0.0109195
14 0.0133016
1 0.131614
10 0.105925
10 0.298556
4 0.388495
17 0.372671
5 0.12725
11 0.0268754
11 0.0268451
11 0.0270553
11 0.0268786
11 0.0273504
11 0.0273434
8 0.133356
0 0.0662048
7 0.0861677
9 0.272542
2 0.025719
2 0.0254547
2 0.0254862
2 0.0258906
2 0.0623174
2 0.100023
12 0.193214
16 0.489387
3 0.243535
14 0.0139003
14 0.0133429
14 0.00947967
14 0.00982715
14 0.0134271
14 0.0138092
1 0.019936
10 0.105764
10 0.119657
4 0.32606
17 0.161709
5 0.1912
11 0.0273434
11 0.0271505
11 0.026491
11 0.0266747
11 0.0268355
11 0.0268673
8 0.115591
0 0.0662049
7 0.236382
9 0.378335
2 0.0259067
2 0.0253071
2 0.0237117
2 0.100026
2 0.0575159
2 0.0906196
12 0.209851
16 0.274099
3 0.379958
14 0.0138017
14 0.0140524
14 0.00984556
14 0.00979876
14 0.013531
14 0.0139455
1 0.0703907
10 0.105784
10 0.209416
15 0.41936
4 0.486042
5 0.185137
11 0.0273281
11 0.0264709
11 0.0266516
11 0.0267951
11 0.0268785
11 0.0268387
8 0.24572
0 0.0662048
7 0.145349
9 0.186253
2 0.0258755
2 0.0253534
2 0.0257655
2 0.025419
2 0.0255262
2 0.025878
12 0.0938948
6 0.296762
3 0.0821785
14 0.0135325
14 0.0102657
14 0.0112242
14 0.0136413
14 0.0131551
14 0.013498
1 0.041949
10 0.10583
10 0.114437
15 0.350055
17 0.417662
5 0.126579
11 0.0268556
11 0.026955
11 0.0270305
11 0.0271079
11 0.0273515
11 0.0269755
8 0.14839
0 0.0659656
7 0.0648648
9 0.253811
2 0.0254576
2 0.0254816
2 0.0258932
2 0.0253735
2 0.0357756
2 0.100023
12 0.155473
6 0.511729
3 0.21796
14 0.0134622
14 0.0095238
14 0.00938241
14 0.0139715
14 0.014062
14 0.0135053
1 0.0108527
10 0.105751
10 0.104653
15 0.268375
4 0.287081
5 0.250982
11 0.0159276
11 0.0271221
11 0.0269815
11 0.0273434
11 0.0271522
11 0.02649
8 0.37875
0 0.0662022
7 0.336902
9 0.207342
2 0.0253788
2 0.0255736
2 0.0258614
2 0.0253184
2 0.0258158
2 0.0253856
12 0.168271
6 0.0433767
3 0.0837102
14 0.0117202
14 0.0126412
14 0.0138688
14 0.0136537
14 0.0135438
14 0.0131545
1 0.103592
10 0.10592
10 0.106398
15 0.238416
4 0.451252
5 0.204581
11 0.0267608
11 0.026578
11 0.0267324
11 0.0268724
11 0.0268492
11 0.0270094
8 0.267512
0 0.0659597
7 0.176677
9 0.181603
2 0.0253545
2 0.0257645
2 0.0254218
2 0.0255229
2 0.025878
2 0.0253617
12 0.0951577
6 0.253397
3 0.0576604
14 0.00937475
14 0.0100434
14 0.013264
14 0.0137381
14 0.0140233
14 0.014062
1 0.0534235
10 0.105813
10 0.119919
15 0.181937
4 0.13128
5 0.327538
11 0.183006
11 0.0267475
11 0.0268386
11 0.0268556
11 0.026955
11 0.0270305
11 0.388342
0 0.0662108
7 0.533422
9 0.314324
2 0.0252793
2 0.0258726
2 0.0253611
2 0.0255969
2 0.0258506
2 0.0252861
12 0.302212
6 0.222856
3 0.245426
14 0.0145958
14 0.0138354
14 0.0140524
14 0.0137534
14 0.0137579
14 0.0111218
1 0.16316
10 0.105721
10 0.105808
15 0.21901
4 0.254083
5 0.247812
11 0.0315355
11 0.0269066
11 0.0273434
11 0.0273434
11 0.0265862
11 0.0266186
8 0.401825
0 0.0662022
7 0.369718
9 0.221253
2 0.0255687
2 0.0258638
2 0.0253219
2 0.0258096
2 0.0253897
2 0.0255604
12 0.189503
6 0.0233897
3 0.111512
14 0.0113879
14 0.01392
14 0.0131671
14 0.0133048
14 0.0137758
14 0.0142356
1 0.112167
10 0.105925
10 0.104369
15 0.255992
4 0.225296
5 0.529761
11 0.370301
11 0.0273289
11 0.0273434
11 0.0267381
11 0.0265784
11 0.0267331
11 0.255651
0 0.0659597
7 0.73094
9 0.44659
2 0.0932825
2 0.0258386
2 0.0252487
2 0.0259196
2 0.0253496
2 0.025609
12 0.444687
6 0.430563
3 0.364248
14 0.0131559
14 0.0135518
14 0.0138655
14 0.0140524
14 0.0100233
14 0.00996981
1 0.224288
10 0.105809
10 0.105822
15 0.302098
4 0.12637
5 0.356926
11 0.214615
11 0.0268431
11 0.0268722
11 0.0268596
11 0.0271205
11 0.0269432
11 0.365616
0 0.0662049
7 0.566494
9 0.335893
2 0.025869
2 0.0253619
2 0.0255948
2 0.0258528
2 0.0252895
2 0.025859
12 0.325883
6 0.266166
3 0.282312
14 0.014062
14 0.013497
14 0.0138203
14 0.0131599
14 0.0126934
14 0.0114322
1 0.173633
10 0.105743
10 0.105784
15 0.389145
4 0.26744
5 0.676805
11 0.557071
11 0.0268751
11 0.026843
11 0.0271071
11 0.0269099
11 0.0273434
11 0.141076
0 0.0659597
8 0.735477
9 0.573116
2 0.0254913
2 0.0970269
2 0.0674527
2 0.0258221
2 0.0252231
2 0.0259686
12 0.58959
6 0.598134
3 0.433318
14 0.0134893
14 0.0131556
14 0.0136214
14 0.00945426
14 0.00938999
14 0.014062
14 0.235988
10 0.105823
10 0.105861
15 0.429673
4 0.257062
5 0.567848
11 0.401438
11 0.0273515
11 0.0269925
11 0.0265531
11 0.0266896
11 0.0268431
11 0.234005
0 0.0662048
7 0.764078
9 0.472525
2 0.100023
2 0.0286497
2 0.02591
2 0.0253519
2 0.0256065
2 0.0258423
12 0.468709
6 0.456449
3 0.37108
14 0.0140524
14 0.014062
14 0.0134904
14 0.0109552
14 0.0108445
14 0.0133553
1 0.234852
10 0.105776
10 0.105828
2 0.892205
11 1.27461
4 0.203052
17 0.275795
5 0.309295
11 0.026808
11 0.0265675
11 0.0267292
11 0.0268754
11 0.0268528
11 0.0269761
8 0.322948
0 0.172591
7 0.485205
2 0.221216
2 0.100026
2 0.0382641
2 0.0252821
2 0.0258093
2 0.0255155
2 0.361749
12 0.209851
16 0.203645
14 0.178761
14 0.0135325
14 0.0139503
14 0.0132635
14 0.0124527
14 0.0113348
14 0.0134969
1 0.183583
10 0.105748
10 0.396207
4 0.267434
17 0.466865
5 0.379753
11 0.0268434
11 0.0271186
11 0.0269222
11 0.0273434
11 0.0273434
11 0.0265209
8 0.436786
0 0.333531
7 0.60679
2 0.0657509
2 0.0257708
2 0.0255539
2 0.0253845
2 0.0259328
2 0.0253243
2 0.484286
12 0.209851
16 0.418941
14 0.043361
14 0.0134595
14 0.0138269
14 0.0140524
14 0.0148672
14 0.0140524
14 0.0135141
10 0.18868
10 0.105858
10 0.443505
4 0.216996
17 0.073201
5 0.249742
11 0.02707
11 0.0268916
11 0.0273434
11 0.0273515
11 0.0266228
11 0.0266351
8 0.19456
0 0.0210541
7 0.372843
2 0.360432
2 0.0260011
2 0.0550004
2 0.100023
2 0.0243847
2 0.0253423
2 0.214553
12 0.209857
16 0.0551715
14 0.341309
14 0.0140524
14 0.013519
14 0.0108565
14 0.0106011
14 0.0135573
14 0.0131533
1 0.121989
10 0.105829
10 0.279687
4 0.183984
17 0.237824
5 0.296803
11 0.0265017
11 0.0266742
11 0.0268472
11 0.02688
11 0.026882
11 0.0271243
8 0.300145
0 0.139889
7 0.463038
2 0.256338
2 0.09981
2 0.0651739
2 0.025818
2 0.0255202
2 0.0254186
2 0.336985
12 0.209851
16 0.160146
14 0.20393
14 0.0131524
14 0.013529
14 0.0137332
14 0.012576
14 0.0140153
14 0.014062
1 0.17274
10 0.105733
10 0.389624
4 0.336275
17 0.19774
5 0.174006
11 0.0266633
11 0.0268054
11 0.0268754
11 0.0268462
11 0.0271188
11 0.02694
8 0.110052
0 0.0662048
7 0.206964
9 0.357905
2 0.0257371
2 0.0252151
2 0.0260215
2 0.080339
2 0.0840292
2 0.0683629
12 0.209857
16 0.313981
3 0.356858
14 0.0139933
14 0.00965258
14 0.00962003
14 0.0137587
14 0.0137434
14 0.013467
1 0.0608505
10 0.10582
10 0.202011
4 0.263669
17 0.0646111
5 0.244133
11 0.0270074
11 0.0271443
11 0.0273434
11 0.0269364
11 0.0265388
11 0.0267339
8 0.175078
0 0.0535244
7 0.359969
2 0.382661
2 0.0253209
2 0.0301209
2 0.100024
2 0.0411613
2 0.0257627
2 0.189828
12 0.209851
16 0.0986876
14 0.3662
14 0.0135118
14 0.0120014
14 0.0112275
14 0.0132983
14 0.0137718
14 0.0140524
1 0.111739
10 0.105832
10 0.26079
4 0.427493
17 0.459128
5 0.130534
11 0.0270186
11 0.0273434
11 0.0271032
11 0.0265024
11 0.0266752
11 0.0268466
8 0.164295
0 0.0662048
7 0.0569718
9 0.237814
2 0.025355
2 0.0256699
2 0.0256955
2 0.0252114
2 0.0239442
2 0.100026
12 0.123388
6 0.471877
3 0.194623
14 0.00963981
14 0.0093842
14 0.0138595
14 0.014062
14 0.0136431
14 0.0138555
1 0.00974626
10 0.105846
10 0.094636
4 0.368389
17 0.239466
5 0.157423
11 0.0267419
11 0.0268751
11 0.0268475
11 0.0270245
11 0.0269211
11 0.02728
8 0.108548
0 0.0659597
7 0.174946
9 0.336191
2 0.0252145
2 0.0260195
2 0.025336
2 0.0514977
2 0.100023
2 0.043773
12 0.209851
16 0.357498
3 0.332071
14 0.0107047
14 0.010324
14 0.0138277
14 0.0131617
14 0.0133637
14 0.0136063
1 0.0511965
10 0.105814
10 0.17974
15 0.375134
4 0.421325
5 0.223893
11 0.0268483
11 0.0268532
11 0.0269697
11 0.0270063
11 0.0271455
11 0.0273515
8 0.287797
0 0.0662048
7 0.20574
9 0.179718
2 0.025235
2 0.0260367
2 0.0253703
2 0.0256857
2 0.0256537
2 0.0252165
12 0.101863
6 0.213715
3 0.0322864
14 0.0104077
14 0.0131575
14 0.013619
14 0.0138928
14 0.014062
14 0.0148749
1 0.0608277
10 0.105753
10 0.118525
15 0.312961
17 0.504554
5 0.138905
11 0.0273434
11 0.0273434
11 0.0265391
11 0.0266295
11 0.0267762
11 0.0268754
8 0.183024
0 0.0662049
7 0.0656636
9 0.221222
2 0.0256672
2 0.0256976
2 0.025214
2 0.0260385
2 0.0253504
2 0.0765851
12 0.0941015
6 0.428417
3 0.163042
14 0.00948782
14 0.014062
14 0.0134904
14 0.013728
14 0.0131588
14 0.0147181
1 0.0122987
10 0.105844
10 0.0896633
15 0.226455
4 0.225013
5 0.25133
11 0.0574932
11 0.0267158
11 0.0265874
11 0.02674
11 0.0268754
11 0.0268475
8 0.42312
0 0.0659571
7 0.400124
9 0.235976
2 0.0257089
2 0.025603
2 0.0253301
2 0.0259594
2 0.0253688
2 0.0257055
12 0.209558
6 0.0514759
3 0.14339
14 0.0138319
14 0.0133952
14 0.0131864
14 0.013677
14 0.0139421
14 0.0129155
1 0.121678
10 0.105829
10 0.107194
15 0.217236
4 0.391321
5 0.24549
11 0.0268706
11 0.0268702
11 0.0271218
11 0.0269567
11 0.0273434
11 0.0272489
8 0.309955
0 0.0662022
7 0.237896
9 0.180906
2 0.0260337
2 0.0253707
2 0.0256861
2 0.0256537
2 0.0252187
2 0.0260509
12 0.113962
6 0.170486
3 0.0190839
14 0.0137819
14 0.014062
14 0.0139636
14 0.0135673
14 0.0146058
14 0.0139503
1 0.0710401
10 0.105747
10 0.118927
15 0.193813
4 0.131378
5 0.386079
11 0.243761
11 0.0271129
11 0.0269145
11 0.0273434
11 0.0273434
11 0.0265525
11 0.345412
0 0.0659597
7 0.597109
9 0.356532
2 0.0259328
2 0.0253251
2 0.0257562
2 0.0255634
2 0.0253771
2 0.0259358
12 0.347704
6 0.305951
3 0.305151
14 0.0135458
14 0.0139473
14 0.0133076
14 0.0123682
14 0.0113124
14 0.0134581
1 0.18307
10 0.105838
10 0.105818
15 0.237287
4 0.195233
5 0.26188
11 0.0881124
11 0.0265192
11 0.0266954
11 0.0268413
11 0.0268609
11 0.0269225
8 0.446745
0 0.0662022
7 0.433071
9 0.253781
2 0.025603
2 0.0253278
2 0.0259618
2 0.025369
2 0.0257051
2 0.0256111
12 0.231812
6 0.0925943
3 0.168774
14 0.0134211
