2 0.0339839
2 0.0359361
2 0.0359361
2 0.0359361
2 0.0359361
2 0.0355527
2 0.0359361
2 0.0359361
2 0.0359361
2 0.0359361
2 0.0355202
2 0.0359361
2 0.0359361
2 0.0359361
2 0.0359361
2 0.0354616
2 0.0359361
2 0.0359361
2 0.0359361
2 0.0359361
2 0.0352289
2 0.0359361
2 0.0359361
2 0.0359361
2 0.0359361
2 0.0347638
2 0.0359361
2 0.0359361
2 0.0359361
2 0.0359361
2 0.0337141
2 0.0359361
2 0.0359361
2 0.0359361
2 0.0359361
2 0.0318912
2 0.0359361
2 0.0359361
2 0.0359361
2 0.0359361
2 0.0282269
2 0.0359361
2 0.0359361
2 0.0359361
2 0.0359361
2 0.0209909
2 0.0359361
2 0.0359361
2 0.0359361
2 0.0359361
2 0.0087974
2 0.0359361
2 0.0359361
2 0.0359361
2 0.0359361
2 0.0273193
2 0.0359361
2 0.0359361
2 0.0359361
2 0.0359361
2 0.0875536
2 0.0359361
2 0.0359361
2 0.0359361
2 0.0359361
2 0.208921
2 0.0359361
2 0.0359361
2 0.0359361
2 0.0359361
2 0.452199
2 0.0359361
2 0.0359361
2 0.0359361
2 0.0359361
2 0.246634
2 0.682987
2 0.0359361
2 0.0359361
2 0.0359361
2 0.0359361
3 0.802682
2 0.274008
2 0.0359361
2 0.0359361
2 0.0359361
2 0.0359361
9 0.615012
3 0.763325
2 0.0359361
2 0.0359361
2 0.0359361
2 0.0359361
2 0.641537
9 0.139316
3 0.133004
3 0.770103
2 0.0359361
2 0.0359361
2 0.0359361
2 0.0359361
2 0.20062
9 0.680211
9 0.294287
3 0.105239
3 0.133004
3 0.133004
5 0.909178
2 0.480702
2 0.0359361
2 0.0359361
2 0.0359361
2 0.0359361
7 1.15462
9 0.433323
9 0.371269
9 0.348177
9 0.614012
3 0.133004
3 0.133004
3 0.133004
3 0.133004
3 0.133004
3 0.0940208
5 1.07995
5 1.39977
2 0.0359361
2 0.0359361
2 0.0359361
2 0.0359361
2 0.338634
7 1.13366
7 1.13366
9 0.229871
9 0.292508
9 0.292509
9 0.292508
9 0.292509
9 0.289816
9 0.988435
3 0.166126
3 0.081071
3 0.08107
3 0.0811021
3 0.08111
3 0.0811019
3 0.0810702
3 0.0810705
3 0.0810706
3 0.0811091
3 0.0811097
3 0.081094
3 0.0849316
3 0.0878974
5 1.16569
5 1.46347
5 1.46347
7 0.997346
7 1.40768
7 1.08215
0 0.253181
1 0.268561
1 0.0392786
1 0.0392464
1 0.0392786
1 0.0392786
1 0.0392505
1 0.0392786
1 0.0392786
1 0.039252
1 0.0392786
1 0.0392786
1 0.0392528
1 0.0392786
1 0.0392528
1 0.0392786
1 0.0392786
1 0.0392528
1 0.0392786
1 0.0392786
1 0.0392518
1 0.0392786
1 0.0392522
1 0.0392786
1 0.0392786
4 0.22266
0 0.281223
8 0.123582
8 0.123582
1 0.769025
1 0.0392786
1 0.131543
0 0.253181
1 0.504165
1 0.0392786
1 0.173171
0 0.253181
1 0.462262
1 0.0392786
1 0.214917
0 0.253181
1 0.420365
1 0.0392786
1 0.256723
0 0.253181
1 0.378478
1 0.0392786
1 0.0392514
1 0.0392786
1 0.0392786
4 0.103421
0 0.155596
1 0.0392786
1 0.0392786
4 0.0614875
0 0.192924
1 0.0392786
1 0.0392786
1 0.0392514
1 0.0392786
1 0.0392786
0 0.581229
4 0.338286
1 0.0392786
1 0.0392786
1 0.0392512
1 0.0392786
1 0.0392786
0 0.225933
4 0.449302
1 0.0392786
1 0.0392512
1 0.0392786
1 0.0392786
4 0.423165
0 0.201643
1 0.0392786
1 0.0392786
1 0.0392522
1 0.0392786
1 0.0392786
1 0.0392523
1 0.0392786
1 0.0392786
0 0.207441
4 0.0456923
1 0.0392786
1 0.0392786
1 0.0392524
1 0.0392786
1 0.320827
0 0.253181
1 0.314333
1 0.0392786
1 0.0392524
1 0.0392786
1 0.0392786
4 0.0391875
0 0.213471
1 0.0392786
1 0.0392786
1 0.0392516
1 0.0392786
1 0.0392786
0 0.559142
4 0.315986
1 0.0392786
1 0.0392786
0 0.517662
4 0.274052
1 0.0392786
1 0.0392786
1 0.0392516
1 0.0392786
1 0.0181967
0 0.253181
4 0.513533
1 0.0392786
1 0.0462251
0 0.253181
4 0.555466
1 0.0392786
1 0.0863658
0 0.253181
1 0.549989
1 0.0392786
1 0.127664
0 0.253181
1 0.50808
1 0.0392786
1 0.247309
8 0.123582
8 0.123582
0 0.657524
4 0.154813
1 0.0392786
1 0.0392786
1 0.039253
1 0.0392786
1 0.0392528
1 0.0392786
1 0.0392786
1 0.0392528
1 0.0392786
1 0.0392786
1 0.0392533
1 0.0392786
1 0.0392786
1 0.0392526
1 0.0392786
1 0.537011
8 0.123582
8 0.123582
1 0.551518
1 0.0392786
1 0.412024
8 0.123582
8 0.123582
1 0.676541
1 0.0392786
1 0.287134
8 0.123582
8 0.123582
1 0.801587
1 0.0392786
1 0.039253
1 0.0392786
1 0.0392786
1 0.0392528
1 0.0392786
1 0.0392786
1 0.0392528
1 0.0392786
1 0.0392786
1 0.0392533
1 0.0392786
1 0.0392526
1 0.0392786
1 0.0392786
6 0.736059
8 0.123582
8 0.314476
1 0.0392786
1 0.0392786
6 0.850977
8 0.123582
8 0.155116
0 0.253181
1 0.450406
1 0.0392786
1 0.039253
1 0.0392786
1 0.0392786
1 0.0392536
1 0.0392786
1 0.0392786
1 0.0392533
1 0.0392786
1 0.0392786
1 0.0392526
1 0.0392786
1 0.0392528
1 0.0392786
1 0.0392786
6 0.590814
8 0.123582
8 0.396276
0 0.253181
1 0.241025
1 0.0392786
1 0.616829
8 0.123582
8 0.123582
1 0.471712
1 0.0392786
1 0.491813
8 0.123582
8 0.123582
1 0.596716
1 0.0392786
1 0.366857
8 0.123582
8 0.123582
0 0.5625
4 0.0682258
1 0.0392786
1 0.0392786
1 0.039253
1 0.0392786
1 0.0392536
1 0.0392786
1 0.0392786
1 0.0392533
1 0.0392786
1 0.0392786
1 0.0392526
1 0.0392786
1 0.0392786
1 0.0392528
1 0.0392786
1 0.656745
8 0.123582
8 0.123582
0 0.348896
4 0.141475
1 0.0392786
1 0.0392786
8 0.29454
8 0.123582
6 0.754332
1 0.0392786
1 0.0392786
8 0.418721
8 0.123582
6 0.642571
1 0.0392786
1 0.0392786
1 0.039253
1 0.0392786
1 0.0392528
1 0.0392786
1 0.0392786
1 0.0392528
1 0.0392786
1 0.0392786
1 0.0392533
1 0.0392786
1 0.0392786
1 0.0392526
1 0.0392786
1 0.696668
8 0.123582
8 0.123582
0 0.323224
4 0.170341
1 0.0392786
1 0.0392786
8 0.255076
8 0.123582
6 1.05388
0 0.981063
8 0.123582
8 0.0546243
0 0.253181
8 0.621551
8 0.123582
6 0.391063
1 0.0392786
1 0.0392786
0 0.477413
6 0.932258
8 0.123582
8 0.540016
1 0.0392786
1 0.0392786
1 0.0392526
1 0.0392786
1 0.0392786
1 0.0392527
1 0.0392786
1 0.0392786
1 0.0392532
1 0.0392786
1 0.0392523
1 0.0392786
1 0.0392786
1 0.0392525
1 0.0392786
1 0.0392786
8 0.579432
8 0.123582
6 0.507721
1 0.0392786
1 0.0392786
0 0.36031
6 0.885502
8 0.123582
8 0.70465
1 0.0392786
1 0.0392786
1 0.0392532
1 0.0392786
1 0.0392786
1 0.0392529
1 0.0392786
1 0.039253
1 0.0392786
1 0.0392786
1 0.0392528
1 0.0392786
1 0.0392786
1 0.0392528
1 0.0392786
1 0.0392786
0 0.162311
6 0.854566
8 0.123582
6 0.514152
1 0.0392786
1 0.0392786
6 0.331136
8 0.123582
6 0.618187
1 0.0392786
1 0.0392786
6 0.390824
8 0.123582
6 0.728861
1 0.0392786
1 0.0392786
4 0.185101
0 0.691241
8 0.123582
8 0.123582
1 0.205551
1 0.0392786
1 0.0392532
1 0.0392786
1 0.0392786
1 0.0392529
1 0.0392786
1 0.0392786
1 0.039253
1 0.0392786
1 0.0392528
1 0.0392786
1 0.0392786
1 0.0392528
1 0.0392786
1 0.0392786
4 0.394801
0 0.928603
8 0.123582
8 0.0775341
1 0.0392786
1 0.0392786
1 1.04839
8 0.123582
8 0.123582
1 0.0439461
1 0.0392786
1 0.923327
8 0.123582
8 0.123582
1 0.165824
1 0.0392786
1 0.0392526
1 0.0392786
1 0.0392786
1 0.0392527
1 0.0392786
1 0.0392786
1 0.0392532
1 0.0392786
1 0.0392523
1 0.0392786
1 0.0392786
1 0.0392525
1 0.0392786
1 0.0392786
6 0.313856
8 0.123582
6 0.550749
1 0.0392786
1 0.0392786
1 0.0392526
1 0.0392786
1 0.0392786
1 0.0392527
1 0.0392786
1 0.0392532
1 0.0392786
1 0.0392786
1 0.0392523
1 0.0392786
1 0.0392786
1 0.0392525
1 0.0392786
1 0.0392786
0 0.0863056
6 0.883012
8 0.123582
6 0.352606
1 0.0392786
1 0.0392786
1 0.0392532
1 0.0392786
1 0.0392786
1 0.0392529
1 0.0392786
1 0.039253
1 0.0392786
1 0.0392786
1 0.0392528
1 0.0392786
1 0.0392786
1 0.0392528
1 0.0392786
1 0.0355704
0 0.253181
5 0.52325
5 0.308321
5 0.308321
5 0.308321
5 0.308323
5 0.308321
5 0.308321
5 0.308321
5 0.308323
5 0.308321
5 0.308321
5 0.308321
5 0.308324
5 0.308321
5 0.308321
5 0.308321
5 0.308323
5 0.308321
5 0.308321
5 0.308321
5 0.308321
5 0.308323
5 0.308321
5 0.308321
5 0.308321
0 0.248004
8 0.728636
8 0.123582
6 0.33089
1 0.0392786
1 0.0392786
0 0.567607
4 0.324536
1 0.0392786
1 0.0392786
1 0.0392512
1 0.0392786
1 0.0392786
0 0.238867
4 0.463051
1 0.0392786
1 0.019862
0 0.253181
4 0.504984
1 0.0392786
1 0.0392514
1 0.0392786
1 0.0392786
4 0.367484
0 0.151958
1 0.0392786
1 0.0392786
4 0.32555
0 0.118131
1 0.0392786
1 0.0392786
4 0.283619
0 0.0912952
1 0.0392786
1 0.0392786
4 0.241687
0 0.0789378
1 0.0392786
1 0.0392786
1 0.0392514
1 0.0392786
1 0.0392786
4 0.545902
4 0.518484
1 0.0392786
1 0.0392786
1 0.0392512
1 0.0392786
1 0.0392786
0 0.0849073
4 0.269105
1 0.0392786
1 0.0392786
0 0.107761
4 0.311038
1 0.0392786
1 0.0392786
1 0.0392532
1 0.0392786
1 0.0392528
1 0.0392786
1 0.0392786
4 0.184228
0 0.429102
1 0.0392786
1 0.0392786
4 0.226159
0 0.470384
1 0.0392786
1 0.0392786
1 0.0392524
1 0.0392786
1 0.0392786
0 0.298797
4 0.0506369
1 0.0392786
1 0.0392786
1 0.0392516
1 0.0392786
1 0.224718
0 0.253181
1 0.410541
1 0.0392786
1 0.266534
0 0.253181
1 0.368656
1 0.0392786
1 0.308381
0 0.253181
1 0.32678
1 0.0392786
1 0.350249
0 0.253181
1 0.284921
1 0.0392786
1 0.0392516
1 0.0392786
1 0.0392786
4 0.00972161
0 0.241099
1 0.0392786
1 0.0392786
4 0.0322104
0 0.281062
1 0.0392786
1 0.0392786
1 0.0392524
1 0.0392786
1 0.0392786
0 0.48856
4 0.244587
1 0.0392786
1 0.0392786
6 0.655468
8 0.123582
6 0.864048
0 0.274785
1 0.0392786
1 0.0392786
1 0.0392522
1 0.0392786
1 0.0392786
6 0.597347
8 0.123582
6 0.857421
0 0.465735
8 0.123582
8 0.123582
0 0.390527
4 0.0974286
1 0.0392786
1 0.0392786
0 0.125935
4 0.139361
1 0.0392786
1 0.0392786
0 0.0968596
4 0.181293
1 0.0392786
1 0.0392786
1 0.0392514
1 0.0392786
1 0.456274
0 0.253181
1 0.179132
1 0.0392786
1 0.498178
0 0.253181
1 0.137482
1 0.0392786
1 0.0392514
1 0.0392786
1 0.0392786
4 0.138345
0 0.384093
1 0.0392786
1 0.0392786
1 0.0392512
1 0.0392786
1 0.0392786
0 0.384196
4 0.138451
1 0.0392786
1 0.0392786
1 0.0392512
1 0.0392786
1 0.137376
0 0.253181
1 0.498282
1 0.0392786
1 0.179026
0 0.253181
1 0.456381
1 0.0392786
1 0.0392525
1 0.0392786
1 0.0392786
1 0.0392516
1 0.0392786
1 0.0392786
4 0.564256
4 0.50013
1 0.0392786
1 0.0392786
4 0.606187
4 0.458199
1 0.0392786
1 0.0392786
1 0.0392524
1 0.0392786
1 0.0392786
0 0.121019
4 0.329392
1 0.0392786
1 0.0392786
1 0.0392524
1 0.0392786
4 0.543078
0 0.253181
1 0.0351734
1 0.0392786
1 0.0392516
1 0.0392786
1 0.0392786
4 0.244511
0 0.488482
1 0.0392786
1 0.0392786
4 0.286443
0 0.52991
1 0.0392786
1 0.0392786
1 0.0392516
1 0.0392786
1 0.0392786
0 0.241173
4 0.00964497
1 0.0392786
1 0.0392786
0 0.202011
4 0.0515759
1 0.0392786
1 0.0392786
0 0.164222
6 0.854528
8 0.123582
8 0.831651
0 0.220231
8 0.123582
8 0.123582
1 0.989259
1 0.0392786
1 0.039253
1 0.0392786
1 0.0392786
1 0.0392528
1 0.0392786
1 0.0392786
1 0.0392528
1 0.0392786
1 0.0392786
1 0.0392533
1 0.0392786
1 0.0392526
1 0.0392786
1 0.0392786
6 0.909526
8 0.123582
8 0.130849
1 0.0392786
1 0.0392786
6 1.0279
8 0.123582
8 0.0544706
0 0.253181
4 0.561357
1 0.0392786
1 0.039253
1 0.0392786
1 0.0392786
1 0.0392536
1 0.0392786
1 0.0392786
1 0.0392533
1 0.0392786
1 0.0392786
1 0.0392526
1 0.0392786
1 0.0392528
1 0.0392786
1 0.0392786
6 0.75668
8 0.123582
8 0.238902
0 0.253181
1 0.37647
1 0.0392786
1 0.039253
1 0.0392786
1 0.0392786
1 0.0392528
1 0.0392786
1 0.0392786
1 0.0392528
1 0.0392786
1 0.0392786
1 0.0392533
1 0.0392786
1 0.0392526
1 0.0392786
1 0.0392786
6 0.50682
8 0.123582
8 0.580577
1 0.0392786
1 0.0392786
1 0.039253
1 0.0392786
1 0.0392786
1 0.0392528
1 0.0392786
1 0.0392528
1 0.0392786
1 0.0392786
1 0.0392533
1 0.0392786
1 0.0392786
1 0.0392526
1 0.0392786
1 0.0392786
8 0.538874
8 0.123582
6 0.932651
0 0.478228
1 0.0392786
1 0.0392786
1 0.039253
1 0.0392786
1 0.0392786
1 0.0392536
1 0.0392786
1 0.0392533
1 0.0392786
1 0.0392786
1 0.0392526
1 0.0392786
1 0.0392786
1 0.0392528
1 0.0392786
1 0.0392786
8 0.25067
8 0.123582
6 1.05611
4 0.62057
1 0.0392786
1 0.0392786
6 0.31743
8 0.123582
8 0.868746
0 0.137582
1 0.0392786
1 0.0392786
1 0.039253
1 0.0392786
1 0.0392786
1 0.0392536
1 0.0392786
1 0.0392786
1 0.0392533
1 0.0392786
1 0.0392526
1 0.0392786
1 0.0392786
1 0.0392528
1 0.0392786
1 0.0392786
6 0.466312
8 0.123582
6 0.857093
0 0.124946
1 0.0392786
1 0.0392786
6 0.814771
8 0.123582
8 0.229506
1 0.0392786
1 0.0392786
6 0.931522
8 0.123582
8 0.0897824
0 0.253181
1 0.512537
1 0.0392786
1 0.039253
1 0.0392786
