5 0.106492
5 0.106604
5 0.106594
5 0.106614
5 0.0960309
5 0.0117986
5 0.0117175
5 0.0110349
5 0.011597
5 0.0114734
5 0.0113124
5 0.0112367
5 0.0117495
5 0.0117816
5 0.01171
5 0.0120094
5 0.0112136
5 0.0114193
5 0.0113106
5 0.0116553
5 0.011699
5 0.0117671
5 0.011412
5 0.0116221
5 0.0117468
5 0.0124455
5 0.0113116
5 0.0115906
5 0.0117163
5 0.0112659
5 0.0114285
5 0.010887
5 0.0118582
5 0.0117313
5 0.0116438
5 0.0115326
5 0.0111925
5 0.0117018
5 0.0115046
5 0.010996
5 0.0114993
5 0.0114307
5 0.0116472
5 0.011386
5 0.0116434
5 0.0111243
5 0.0110907
5 0.0110522
5 0.0116672
5 0.0112984
5 0.0120201
2 0.459329
3 0.158365
3 0.141639
3 0.136803
3 0.118222
3 0.116208
3 0.112747
3 0.109494
3 0.0998168
3 0.0937343
3 0.088242
3 0.0783459
3 0.0684299
3 0.0743146
3 0.0599006
3 0.0620996
3 0.0576556
3 0.0572078
3 0.0446024
3 0.0417558
3 0.0554941
3 0.0640244
3 0.086344
3 0.0678585
3 0.0813358
3 0.0694896
3 0.083549
3 0.0743706
3 0.084026
3 0.0731018
3 0.0822412
3 0.0676986
3 0.0586723
3 0.0642514
3 0.0655232
3 0.0761249
3 0.0726023
3 0.0763827
1 0.0793573
1 0.0781018
1 0.0620432
1 0.0637232
1 0.0655953
1 0.0607642
3 0.0939876
3 0.0901219
3 0.0838587
1 0.0864195
3 0.0804846
1 0.0687063
1 0.0724448
1 0.0636697
1 0.0583795
1 0.0641318
1 0.0442432
1 0.0574858
1 0.0734619
1 0.0576091
1 0.05292
1 0.0424527
1 0.0579949
1 0.0662371
1 0.112135
1 0.0392905
1 0.0401785
1 0.0604989
1 0.0695119
1 0.0763924
1 0.078935
1 0.0648794
7 0.118427
7 0.121778
1 0.110032
1 0.0698641
7 0.157193
1 0.114025
1 0.0466204
1 0.0396694
1 0.0371297
1 0.0172301
1 0.0364722
1 0.029708
1 0.0492198
1 0.0673002
1 0.050642
1 0.045177
1 0.0351402
1 0.0254437
1 0.0377892
1 0.0470189
1 0.056687
1 0.0528612
1 0.0679732
1 0.0425243
1 0.0378733
1 0.0173499
1 0.0486441
1 0.0655187
1 0.0535368
1 0.033074
1 0.0165506
1 0.0454186
1 0.0632992
1 0.0604513
1 0.0819122
1 0.0506065
1 0.0639565
1 0.0540139
1 0.0602359
1 0.0315517
1 0.0188956
1 0.0744171
1 0.04197
1 0.0539766
1 0.0332503
1 0.0310352
1 0.0304695
1 0.0596381
1 0.0522132
7 0.089286
1 0.0352633
1 0.0483627
1 0.0924863
1 0.0487667
1 0.0813421
1 0.0573762
7 0.0794268
1 0.0625465
1 0.0746302
7 0.087114
7 0.0793532
1 0.0672548
7 0.0742106
1 0.0678193
7 0.0618889
1 0.0543455
7 0.0728322
1 0.0964044
1 0.0533495
1 0.064194
1 0.0588979
7 0.0908569
7 0.0834978
7 0.0586096
1 0.0733955
7 0.0738663
7 0.074667
7 0.0420319
7 0.0565329
7 0.0756897
7 0.0682904
7 0.0694273
7 0.0381547
7 0.0575082
7 0.0490914
7 0.0781745
4 0.201183
4 0.140303
1 0.0989451
1 0.0638988
4 0.142672
7 0.0548235
7 0.0501832
4 0.144362
7 0.0765049
7 0.0442841
7 0.0469828
7 0.0379426
7 0.0346586
7 0.0563335
7 0.0499539
7 0.0613072
4 0.145535
4 0.132421
7 0.0546617
7 0.0548522
4 0.220336
4 0.104044
7 0.0565502
7 0.0289364
7 0.0453044
7 0.0348673
7 0.0359212
7 0.106862
4 0.0977095
7 0.0686015
7 0.0638
7 0.053813
7 0.0979443
7 0.0635603
7 0.0599422
4 0.0948692
7 0.0773536
7 0.0307792
4 0.094858
7 0.0661161
7 0.0459447
7 0.0549559
4 0.10151
7 0.059983
7 0.0614943
7 0.0565309
7 0.0687489
7 0.0612472
7 0.0634272
7 0.0649863
7 0.0606959
7 0.0592397
7 0.0694248
7 0.0553407
7 0.0711595
7 0.0598103
7 0.0603846
7 0.0620265
7 0.063258
7 0.039633
7 0.0459046
7 0.0286367
7 0.0378729
7 0.0550559
7 0.0558183
7 0.0576115
7 0.0164492
7 0.0113149
7 0.0551766
7 0.0570642
7 0.0662156
7 0.0386109
7 0.0299751
7 0.0436947
7 0.0395434
7 0.0616645
7 0.0625188
7 0.0573694
7 0.0464138
7 0.0593647
7 0.0602278
7 0.0168176
7 0.018242
7 0.0593863
7 0.0383773
7 0.0324494
7 0.0618799
7 0.0669505
7 0.0567014
7 0.061371
7 0.0630514
7 0.0720743
7 0.0424771
7 0.0421574
7 0.0623016
7 0.0580546
7 0.0671447
7 0.0505313
7 0.0611091
7 0.0584807
7 0.0678484
7 0.0512502
7 0.0621177
7 0.0509117
7 0.0654114
7 0.0605876
7 0.0614393
7 0.0411747
7 0.052703
7 0.0666215
7 0.0663369
7 0.0589344
7 0.0485524
7 0.0672618
7 0.0579785
7 0.0713946
7 0.0703896
7 0.0674523
7 0.0682184
4 0.115567
4 0.084309
4 0.0767042
4 0.0947262
4 0.0854219
4 0.0831749
4 0.168802
7 0.0668566
7 0.0762366
4 0.0615192
4 0.0617944
7 0.0707589
4 0.0681326
4 0.0516217
7 0.071197
4 0.0679099
4 0.057609
4 0.0806878
4 0.0575447
7 0.0602758
7 0.0664092
4 0.0558003
4 0.0460978
4 0.0434161
4 0.0445139
7 0.0739978
4 0.053994
4 0.0379157
4 0.0324521
4 0.0250295
4 0.0428148
4 0.0471757
4 0.0489605
4 0.0753639
7 0.0962085
7 0.0880625
7 0.0780778
4 0.0452506
4 0.0534287
4 0.0587619
4 0.0529525
4 0.06382
4 0.0698404
4 0.0757464
4 0.0525122
4 0.0509014
4 0.0416505
4 0.0429142
4 0.0382724
4 0.0596152
4 0.0836663
4 0.0627067
4 0.0312503
4 0.0468745
4 0.0681228
4 0.0616206
4 0.0607141
4 0.0642061
4 0.0803406
4 0.0640381
4 0.0408745
4 0.0622894
4 0.0626197
4 0.0707583
4 0.0944869
4 0.0739818
4 0.0771832
4 0.0650257
4 0.0500846
4 0.0882103
4 0.0761731
4 0.0955728
4 0.106532
4 0.081281
4 0.0564784
4 0.0695269
4 0.0730446
4 0.061275
4 0.0628248
4 0.0514268
4 0.0673195
4 0.0628719
4 0.0746805
4 0.0664806
4 0.0657888
4 0.0683164
4 0.0813784
4 0.0765547
4 0.0762562
4 0.0668166
4 0.0533561
4 0.0662422
4 0.0693851
4 0.039721
4 0.060337
4 0.0614019
4 0.0827613
4 0.0441936
4 0.078971
4 0.0874204
4 0.0661558
4 0.0289992
4 0.0528246
4 0.0774552
4 0.0956163
4 0.0586457
4 0.056108
4 0.0776614
4 0.0418155
4 0.0753549
4 0.0660073
4 0.0573097
4 0.0722015
4 0.0715431
4 0.0605338
4 0.0579348
2 0.0759869
2 0.0709833
2 0.0649214
4 0.072059
4 0.09092
4 0.0880089
4 0.065123
4 0.0757013
4 0.0773689
2 0.0582118
2 0.0579398
2 0.0560508
2 0.0658443
2 0.0568508
2 0.0788929
2 0.0653216
2 0.0805667
2 0.049535
2 0.0408649
2 0.053143
2 0.0415322
2 0.0663552
2 0.0528557
2 0.0378448
2 0.0380923
2 0.0318598
2 0.0261519
2 0.0599888
2 0.0415154
2 0.0356547
2 0.0371356
2 0.0344496
2 0.0263569
2 0.0233637
2 0.018135
2 0.0566743
2 0.0556553
2 0.050827
2 0.0701988
2 0.0405893
2 0.0421443
2 0.0530558
2 0.0513039
2 0.0484435
2 0.0428985
2 0.067955
2 0.0507891
2 0.078228
2 0.123398
2 0.21905
2 0.479672
8 0.0216446
8 0.0314996
8 0.0329547
8 0.0398468
8 0.0206709
8 0.113932
8 0.0613265
2 0.78406
0 0.403238
0 0.132394
0 0.143191
0 0.141507
0 0.145941
0 0.164919
0 0.125248
0 0.100607
0 0.112233
0 0.104268
0 0.112064
0 0.0733634
0 0.0640188
0 0.0893502
0 0.0662334
0 0.0528767
0 0.0560294
0 0.0432673
0 0.0482005
0 0.0317777
0 0.0345304
0 0.0175303
0 0.0495194
0 0.0228462
0 0.0523576
0 0.0199011
0 0.0164394
0 0.0461238
0 0.0148707
0 0.0229118
0 0.0203378
0 0.0197146
0 0.0641995
0 0.0491161
0 0.0592424
0 0.0211612
0 0.060793
0 0.0215519
0 0.0803869
0 0.0930006
0 0.111698
0 0.0939944
0 0.0921763
0 0.0750097
0 0.117436
0 0.11506
0 0.0744062
0 0.0737677
0 0.0730707
0 0.0924932
0 0.061392
0 0.0660411
0 0.0580489
0 0.0658513
0 0.0568749
0 0.0578687
0 0.0581037
0 0.0361582
0 0.0519559
0 0.0340837
0 0.0471269
0 0.037011
0 0.0350257
0 0.0240959
0 0.0279948
0 0.0330921
0 0.0270593
0 0.0401274
0 0.0268277
0 0.0224969
0 0.0380229
0 0.0452357
0 0.020898
0 0.035159
0 0.0271972
0 0.0324213
0 0.0231381
0 0.0253907
0 0.0170889
0 0.0158053
0 0.0307465
0 0.0228738
0 0.0445933
0 0.0337487
0 0.0346249
0 0.0170754
0 0.0212371
0 0.0171257
0 0.0461286
9 0.0563374
0 0.0255252
0 0.0502643
0 0.0185174
0 0.0487998
9 0.0466896
0 0.0234582
9 0.0253809
9 0.0358752
9 0.0381037
0 0.0509969
0 0.0501242
9 0.0257173
9 0.0388635
0 0.0435034
0 0.0410916
9 0.0344329
9 0.0392832
9 0.0473885
9 0.0343749
9 0.022503
9 0.0244992
9 0.0566348
9 0.0368159
9 0.0482238
9 0.0202241
9 0.0532783
9 0.0153538
9 0.0506503
9 0.0172275
9 0.0313206
9 0.0365792
9 0.0403783
0 0.0408789
9 0.0174932
0 0.0441191
9 0.0125381
9 0.0173533
0 0.0443386
9 0.0211066
9 0.025414
0 0.0330821
9 0.0253804
9 0.0259988
9 0.00753018
9 0.0376788
9 0.010663
0 0.0507906
0 0.0510228
9 0.0128577
0 0.0313731
0 0.0565558
9 0.0584937
9 0.048282
9 0.0080673
9 0.0400113
0 0.0462679
0 0.0415611
9 0.0125479
0 0.0564779
9 0.0104087
9 0.0395419
9 0.0241548
9 0.0450275
9 0.0251546
9 0.0364266
0 0.0553275
9 0.00516588
9 0.023591
9 0.0443712
9 0.029009
0 0.0522458
9 0.0229932
0 0.0536945
9 0.0226512
9 0.0250438
9 0.0481375
9 0.028872
0 0.0325855
9 0.031568
0 0.0515318
9 0.0633461
9 0.0552228
9 0.00422488
0 0.0588824
9 0.0377693
9 0.0242364
9 0.0223469
9 0.0436159
9 0.0182436
9 0.0507248
9 0.0277271
9 0.0145134
9 0.0183221
9 0.0351634
9 0.0291574
9 0.0336064
0 0.0469916
9 0.0858911
9 0.0443752
9 0.0557673
9 0.0395072
9 0.063819
9 0.032001
9 0.068098
9 0.0432657
9 0.0483885
9 0.0188903
9 0.0402365
9 0.0150292
9 0.0116811
9 0.107343
9 0.0140574
0 0.0417948
9 0.0118562
9 0.0329533
9 0.045645
9 0.0531719
9 0.0036133
9 0.0184631
9 0.0109529
9 0.0164452
9 0.0179257
9 0.0129576
0 0.0357313
9 0.0264703
9 0.0336811
9 0.021509
9 0.0548463
9 0.0823321
9 0.05363
9 0.020295
9 0.054415
9 0.0167829
0 0.0696901
9 0.0446683
9 0.0140645
9 0.0142558
9 0.0206714
9 0.0309706
9 0.055964
9 0.0550129
9 0.022503
9 0.00346743
9 0.0148312
9 0.0533019
0 0.0442271
9 0.0368892
9 0.00461503
9 0.0752701
9 0.0330032
9 0.0846969
9 0.0362392
9 0.0536012
9 0.0272586
9 0.0412107
9 0.0441405
9 0.0353311
9 0.0649965
9 0.0302719
0 0.0729143
9 0.0264867
9 0.0271314
9 0.013074
9 0.0431812
9 0.0454229
9 0.0647252
9 0.0500238
9 0.0497004
9 0.0233051
9 0.0344185
9 0.0348952
9 0.0182671
9 0.0912808
0 0.0593765
9 0.0218558
9 0.0397251
9 0.0705914
6 0.177274
6 0.0118179
6 0.00670668
6 0.00910667
6 0.00988832
6 0.00853082
6 0.00963014
6 0.0118858
6 0.00534802
6 0.0149209
6 0.00245014
6 0.00404728
6 0.00948847
6 0.00803559
6 0.0073473
6 0.0104071
6 0.0116751
6 0.00865705
6 0.00284314
6 0.00232072
6 0.00198345
6 0.00517829
6 0.00453201
6 0.00834072
6 0.00510539
6 0.0018426
6 0.0142292
6 0.00190964
6 0.00619699
6 0.0124434
6 0.00641843
6 0.00890762
6 0.0166096
6 0.0149078
6 0.00476916
6 0.00439755
6 0.00516511
6 0.00932347
6 0.00546283
6 0.00171147
6 0.00873816
6 0.00833757
6 0.00802761
6 0.00302575
6 0.00518658
6 0.00629208
6 0.00348477
6 0.00434363
6 0.00347643
6 0.00758968
6 0.0324181
6 0.00538784
6 0.00990847
6 0.00293363
6 0.00254992
6 0.00177707
6 0.0119442
6 0.0101581
6 0.00527289
6 0.0117404
6 0.00417717
6 0.014253
6 0.00834098
6 0.0035394
6 0.00703165
6 0.00673509
6 0.00491068
6 0.00442568
6 0.0023782
6 0.00545521
6 0.0037279
6 0.0117157
6 0.00544188
6 0.00755293
6 0.00243807
6 0.00452945
6 0.0133713
6 0.00648991
6 0.002624
6 0.00943197
6 0.00147571
6 0.00461738
6 0.00710214
6 0.047544
6 0.0109645
6 0.00871942
6 0.00799995
6 0.00805247
6 0.00517284
6 0.00179957
6 0.00763897
6 0.0232288
6 0.00450821
6 0.00684195
6 0.0135775
6 0.0159243
6 0.00814833
6 0.00570473
6 0.00498895
6 0.0299286
6 0.00308248
6 0.00727332
6 0.0025991
6 0.00622201
6 0.0182825
6 0.0253106
6 0.00841731
6 0.00312748
6 0.0168394
6 0.00258977
6 0.00655289
6 0.00359453
6 0.00767644
6 0.00542424
6 0.00226512
6 0.00274762
6 0.00923415
6 0.0119266
6 0.00361434
6 0.0103211
6 0.00605843
6 0.0124378
6 0.00834505
6 0.00777292
6 0.00952074
6 0.0482792
6 0.0316903
6 0.00504243
6 0.00522586
6 0.0054254
6 0.0284675
6 0.00585703
6 0.00819647
6 0.00867041
6 0.00807367
6 0.00633204
6 0.00757576
6 0.00714163
6 0.00339669
6 0.00994316
6 0.015275
6 0.00360513
6 0.00839367
6 0.00776534
6 0.00430896
6 0.0114389
6 0.00609346
6 0.00948361
6 0.00665119
6 0.00898992
6 0.00206382
6 0.00472526
6 0.00311038
6 0.00996747
6 0.00871119
6 0.00359978
6 0.0194769
6 0.0048186
6 0.00713844
6 0.037255
6 0.00851455
6 0.00954633
6 0.010445
6 0.0105666
6 0.00385013
6 0.00566
6 0.0314474
6 0.00283868
6 0.00223084
6 0.00773353
6 0.00351505
6 0.0077318
6 0.00285638
6 0.00839693
6 0.00815189
6 0.011212
6 0.01961
6 0.00569174
6 0.00316777
6 0.00816336
6 0.00338202
6 0.00723425
6 0.0132785
6 0.00380554
6 0.015584
6 0.026681
6 0.00344626
6 0.00674565
6 0.00971096
6 0.00612549
6 0.0298778
6 0.0110252
6 0.012313
6 0.0124718
6 0.00785358
6 0.00886849
6 0.0326752
6 0.0074866
6 0.00372669
6 0.00856733
6 0.00972123
6 0.0091313
6 0.00875554
6 0.00803728
6 0.00612441
6 0.00950038
6 0.0129833
6 0.00415032
6 0.00990623
6 0.0032036
6 0.00590831
6 0.00626566
6 0.00782194
6 0.00840988
6 0.00726126
6 0.00408175
6 0.0084468
6 0.0123868
6 0.00743043
6 0.0107088
6 0.0107598
6 0.0111306
6 0.0116105
6 0.00932665
6 0.00755024
6 0.0107137
6 0.00497105
6 0.00753968
6 0.00591524
6 0.00979696
6 0.00703928
