0 0.542583
0 0.543976
0 0.543966
0 0.543964
0 0.543966
0 0.293338
0 0.289359
0 0.213413
0 0.286826
0 0.286825
0 0.238265
0 0.265135
0 0.265139
0 0.265136
0 0.280417
0 0.326909
0 0.268601
0 0.310454
0 0.310455
0 0.232321
0 0.260288
0 0.260332
0 0.260336
0 0.319337
0 0.353936
0 0.304156
0 0.321669
0 0.321669
0 0.223845
0 0.27812
0 0.278379
0 0.278454
0 0.377219
0 0.353444
0 0.321081
0 0.321083
0 0.321081
0 0.240601
0 0.256888
0 0.262863
0 0.240136
0 0.434229
0 0.359157
0 0.206606
0 0.206607
0 0.206607
0 0.206457
0 0.270107
0 0.270105
0 0.270109
0 0.427585
0 0.384193
0 0.197478
0 0.197476
0 0.197476
0 0.219499
0 0.298571
0 0.298571
0 0.29857
0 0.391599
0 0.412622
0 0.197753
0 0.197421
0 0.197421
0 0.164052
0 0.272319
0 0.272324
0 0.272323
0 0.393329
0 0.451396
0 0.19322
0 0.202355
0 0.204654
0 0.19585
0 0.291388
0 0.291388
0 0.291386
12 0.634788
2 0.59935
2 0.599348
2 0.599349
2 0.599348
2 0.59935
2 0.599348
2 0.599351
2 0.599349
2 0.599347
2 0.599351
2 0.599348
12 0.656529
4 9.9172e-07
4 1.6453e-05
4 8.58449e-06
5 0.671678
10 0.0201489
10 0.0201501
10 0.0201508
10 0.0201472
10 0.020149
10 0.0201467
10 0.020149
12 0.580192
4 8.58449e-06
4 1.07588e-07
4 1.69831e-05
5 0.503694
10 0.020149
10 0.0201467
10 0.020149
10 0.0201469
10 0.0201488
10 0.0201495
10 0.0201501
5 0.709007
4 8.58449e-06
4 8.58449e-06
4 1.82907e-06
5 0.363451
10 0.0201488
10 0.0201495
10 0.0201508
10 0.0201501
10 0.0201467
10 0.0201488
10 0.0201469
5 0.760184
4 1.69831e-05
4 8.58449e-06
4 8.58449e-06
5 0.295282
10 0.0201486
10 0.0201486
10 0.0201507
10 0.0201486
10 0.0201486
10 0.0201507
10 0.0201486
5 0.832934
4 8.58449e-06
4 8.58449e-06
4 1.69831e-05
5 0.327311
10 0.0201486
10 0.0201486
10 0.0201487
10 0.0201507
10 0.0201486
10 0.0201486
10 0.0201467
5 0.925341
4 8.58449e-06
4 1.69831e-05
4 8.58449e-06
5 0.4195
10 0.0201507
10 0.0201486
10 0.0201486
10 0.0201487
10 0.0201468
10 0.0201473
10 0.0201475
0 0.636804
0 0.668247
0 0.668254
0 0.668248
0 0.668251
0 0.668251
0 0.668248
0 0.668253
0 0.668247
0 0.668253
0 0.668248
0 0.668251
0 0.63077
13 2.65525e-06
13 3.18131e-06
13 4.42698e-06
13 3.65331e-06
13 2.1133e-06
13 2.33287e-06
3 0.817625
11 0.00646445
11 0.00588457
11 0.00648294
11 0.0073185
11 0.00649071
11 0.00654001
11 0.0067628
11 0.00627206
11 0.00585806
11 0.00659237
11 0.0062508
11 0.00605576
11 0.00742344
11 0.00751483
11 0.00749066
11 0.0067025
11 0.00665949
11 0.00629742
11 0.00652598
11 0.00574683
11 0.00661966
11 0.00725775
11 0.0061929
11 0.00662119
11 0.00642531
11 0.00616742
11 0.00770626
11 0.00665323
11 0.00712685
11 0.00651388
11 0.00683584
11 0.00594438
11 0.00672906
11 0.00642885
11 0.00590811
11 0.00588317
11 0.00616084
11 0.00612084
11 0.00700777
11 0.00623954
11 0.00698537
11 0.00599163
11 0.00588331
11 0.00621969
11 0.00654446
11 0.00634042
11 0.00669701
11 0.00660238
11 0.0061416
11 0.00660722
11 0.00622492
11 0.00614198
11 0.00603545
11 0.0065597
11 0.00640808
11 0.00688606
11 0.00612777
11 0.00650934
11 0.00722014
11 0.00653863
11 0.00706603
11 0.00698662
11 0.00634018
11 0.00609085
11 0.00705729
11 0.00725641
11 0.00714862
11 0.00647509
11 0.00710534
11 0.00672053
11 0.00650116
11 0.00653422
11 0.00680955
11 0.00726665
11 0.00551904
11 0.00624745
11 0.00707315
11 0.00633127
11 0.00589385
11 0.00606563
11 0.00671744
11 0.0272362
14 1.94432e-05
14 5.84061e-06
14 1.6886e-05
14 2.31968e-05
14 1.46838e-05
14 8.63064e-06
14 1.62412e-05
14 2.13355e-05
14 1.21056e-05
14 1.14444e-05
14 2.28725e-05
14 1.68424e-05
14 9.20655e-06
14 2.00968e-05
14 2.33848e-05
14 1.40179e-05
14 7.23796e-06
14 1.62412e-05
14 1.88992e-05
14 9.81784e-06
14 1.14444e-05
14 2.05384e-05
14 1.51456e-05
14 1.17357e-05
14 2.13427e-05
14 2.02555e-05
14 7.05773e-06
14 1.38841e-05
14 1.11251e-05
14 1.28826e-05
14 7.90865e-06
14 1.14444e-05
14 2.05889e-05
14 1.26195e-05
14 1.22485e-05
14 1.79648e-05
14 1.58969e-05
14 6.58814e-06
14 1.57199e-05
14 1.11251e-05
14 1.02043e-05
14 9.17047e-06
14 1.64698e-05
14 1.96419e-05
14 1.14904e-05
14 1.18779e-05
14 1.52101e-05
14 1.20398e-05
14 8.48781e-06
14 1.86339e-05
14 1.11251e-05
14 9.09599e-06
14 8.83363e-06
14 1.18516e-05
14 1.48931e-05
14 1.00595e-05
14 1.18779e-05
14 9.64712e-06
14 1.15713e-05
14 1.106e-05
14 2.00439e-05
14 8.88466e-06
14 1.15047e-05
14 1.43198e-05
14 1.14444e-05
14 1.24217e-05
14 8.12569e-06
14 1.76481e-05
14 7.2476e-06
14 1.10621e-05
14 1.21056e-05
14 1.47301e-05
14 8.98813e-06
14 1.49811e-05
14 1.60547e-05
14 1.14444e-05
14 1.09127e-05
14 9.14202e-06
14 1.67827e-05
14 5.87806e-06
14 1.14383e-05
14 1.21056e-05
14 1.42835e-05
14 7.57093e-06
14 1.72878e-05
14 1.78404e-05
14 9.30966e-06
14 1.11944e-05
14 8.98856e-06
14 1.22485e-05
14 8.03605e-06
14 1.3547e-05
14 1.21056e-05
14 9.5331e-06
14 1.19893e-05
14 2.17815e-05
14 1.97851e-05
14 8.99905e-06
14 1.19717e-05
14 1.59337e-05
14 1.35455e-05
14 1.03632e-05
14 2.1812e-05
14 1.78593e-05
14 7.33428e-06
14 1.48852e-05
14 2.14407e-05
14 1.43332e-05
14 9.36753e-06
14 1.46525e-05
14 1.6147e-05
14 1.18779e-05
14 1.11251e-05
14 2.13355e-05
14 1.70164e-05
14 6.6745e-06
14 1.69252e-05
14 2.36136e-05
14 1.40578e-05
14 8.04511e-06
14 1.72932e-05
14 1.78448e-05
14 9.4065e-06
14 1.27578e-05
14 2.25577e-05
14 1.21056e-05
14 1.13371e-05
14 2.15251e-05
14 2.09783e-05
14 9.22888e-06
14 1.23533e-05
14 2.20058e-05
14 2.05212e-05
14 9.55551e-06
14 1.11251e-05
14 2.25577e-05
14 1.37709e-05
14 1.09153e-05
14 2.09797e-05
14 1.92685e-05
14 5.84061e-06
14 1.6886e-05
14 2.31968e-05
14 1.46838e-05
14 8.63064e-06
14 1.62412e-05
14 2.18705e-05
14 1.21056e-05
14 1.14444e-05
14 2.35999e-05
14 2.11177e-05
14 6.68357e-06
14 1.72402e-05
14 2.31968e-05
14 1.40179e-05
14 7.23796e-06
14 1.62412e-05
14 1.88992e-05
14 9.81784e-06
14 1.14444e-05
14 2.15011e-05
14 1.57632e-05
14 1.17357e-05
14 2.18491e-05
14 2.07215e-05
14 9.4671e-06
14 1.09963e-05
14 1.11251e-05
14 1.17824e-05
14 7.90865e-06
14 1.14444e-05
14 2.05889e-05
14 1.26195e-05
14 1.22485e-05
14 1.79648e-05
14 1.59918e-05
14 5.84732e-06
14 1.55207e-05
14 1.27578e-05
14 1.05509e-05
14 9.17047e-06
14 1.64698e-05
14 1.91218e-05
14 1.14904e-05
14 1.18779e-05
14 1.52101e-05
14 1.20398e-05
14 8.48781e-06
14 1.86339e-05
14 1.11251e-05
14 1.01557e-05
14 7.71514e-06
14 1.64698e-05
14 1.95236e-05
14 1.00983e-05
14 1.18779e-05
14 1.24342e-05
14 1.17592e-05
9 2.77556e-17
11 0.0333613
11 0.0325154
11 0.0326934
11 0.0330435
11 0.0328092
11 0.0326019
11 0.0326965
11 0.0335112
11 0.0326646
11 0.0325811
11 0.0334838
11 0.0327337
11 0.0324937
11 0.0332234
11 0.148173
1 0.880203
3 0.156571
3 0.154537
6 0.322745
6 0.0759465
6 0.0759423
6 0.0759453
6 0.0759441
6 0.286767
6 0.0538971
6 0.0538941
6 0.0538973
6 0.0538957
6 0.0497583
1 0.301841
1 0.301842
1 0.301842
1 0.30184
1 0.324294
1 0.790506
3 0.156571
3 0.257093
6 0.0587147
6 0.0759437
6 0.0759429
6 0.0759475
6 0.0759453
6 0.28728
6 0.0538973
6 0.0538973
6 0.0538926
6 0.0538973
6 0.154132
1 0.30184
1 0.301842
1 0.301841
1 0.301839
1 0.400985
1 0.749598
3 0.156571
3 0.280134
6 0.0759453
6 0.0759465
6 0.0759423
6 0.0759453
6 0.0759453
6 0.288296
6 0.0538973
6 0.0538971
6 0.0538941
6 0.0538973
6 0.310389
1 0.301841
1 0.301839
1 0.301841
1 0.301839
1 0.501563
0 0.707158
3 0.156571
3 0.363967
6 0.0759475
6 0.0759441
6 0.0759453
6 0.0759425
6 0.0759475
6 0.289807
6 0.0538973
6 0.0538973
6 0.0538922
6 0.0538989
6 0.469079
1 0.301841
1 0.301839
1 0.301839
1 0.301841
8 1.26901
12 1.08261
8 0.0162036
8 0.0162022
8 0.0162079
8 0.0162027
8 0.0162059
8 0.0162047
8 0.0162031
8 0.0162033
8 0.0162054
8 0.0162054
12 0.430866
5 0.0478014
5 0.0478084
5 0.0478268
5 0.0478022
5 0.0478061
5 0.047825
5 0.0478078
5 0.0478017
5 0.47756
2 0.147591
2 0.147588
2 0.147591
2 0.14759
2 0.147589
12 0.265901
7 0.00459457
7 0.00458877
7 0.00459716
7 0.00459199
7 0.00459192
7 0.00459425
7 0.00459231
7 0.00459233
7 0.00459542
7 0.00459031
7 0.00459305
7 0.0045917
7 0.179065
5 0.130076
5 0.047825
5 0.0478059
5 0.0478042
5 0.047825
5 0.0478074
5 0.0478022
5 0.0478189
5 0.0478187
1 0.332692
1 0.426524
1 0.426526
12 0.171976
8 0.0162017
8 0.0162062
8 0.0162033
8 0.016207
8 0.0162034
8 0.0162031
8 0.016203
8 0.0162079
8 0.0162031
8 0.0244061
5 0.281008
5 0.0478042
5 0.047825
5 0.0478078
5 0.0478017
5 0.0478189
5 0.0478168
5 0.0478014
5 0.047817
0 0.402935
2 0.14759
2 0.147589
2 0.14759
2 0.14759
2 0.138233
12 0.154957
7 0.00458825
7 0.00459716
7 0.00459199
7 0.00459215
7 0.00459404
7 0.00459216
7 0.00459249
7 0.00459542
7 0.00459031
7 0.00459358
7 0.00459298
7 0.00459051
12 0.267614
5 0.047825
5 0.0478078
5 0.0478017
5 0.0478256
5 0.0478101
5 0.0478014
5 0.047817
5 0.0478187
5 0.244887
1 0.426528
1 0.426524
1 0.375739
8 0.251194
8 0.0162036
8 0.0162022
8 0.0162079
8 0.0162027
8 0.0162059
8 0.0162047
8 0.0162031
8 0.0162033
8 0.0162054
12 0.295915
5 0.0478017
5 0.0478256
5 0.0478101
5 0.0478014
5 0.047817
5 0.0478187
5 0.0478014
5 0.0478084
5 0.19068
2 0.161733
2 0.147589
2 0.147591
2 0.147588
2 0.147591
12 0.484662
7 0.00459533
7 0.00459562
7 0.00459192
7 0.0045911
7 0.00459593
7 0.00458825
7 0.00459716
7 0.00459199
7 0.00459215
7 0.00459404
7 0.00459216
7 0.00459249
7 0.00459542
5 0.419414
5 0.0478101
5 0.0478014
5 0.047817
5 0.0478187
5 0.0478014
5 0.0478084
5 0.0478268
5 0.0478022
5 0.615284
1 0.426527
1 0.426529
12 0.425399
8 0.0162042
8 0.0162067
8 0.0162024
8 0.0162021
8 0.0162054
8 0.0162066
8 0.0162045
8 0.0162049
8 0.0162043
8 0.0162031
12 0.47786
5 0.0478189
5 0.0478187
5 0.0478014
5 0.047815
5 0.0478206
5 0.0478017
5 0.0478061
5 0.047825
0 0.542671
2 0.147589
2 0.14759
2 0.14759
2 0.147591
2 0.147588
12 0.231519
7 0.00459416
7 0.00459192
7 0.00458992
7 0.00459162
7 0.00459716
7 0.0045938
7 0.00459192
7 0.00458962
7 0.00459745
7 0.00459004
7 0.00459533
7 0.00459199
7 0.298582
5 0.0350103
5 0.0478014
5 0.0478084
5 0.0478263
5 0.0478046
5 0.0478042
5 0.047825
5 0.0478078
5 0.0478017
1 0.294613
1 0.426526
1 0.426527
12 0.204304
8 0.0162054
8 0.0162028
8 0.016203
8 0.0162079
8 0.0162027
8 0.0162059
8 0.0162047
8 0.0162032
8 0.0162033
8 0.137868
5 0.164228
5 0.0478268
5 0.0478022
5 0.0478061
5 0.047825
5 0.0478078
5 0.0478017
5 0.0478256
5 0.0478101
0 0.420572
2 0.14759
2 0.147589
2 0.147589
2 0.147591
2 0.198015
12 0.193955
7 0.00459031
7 0.00459207
7 0.00459109
7 0.00459716
7 0.0045938
7 0.00459215
7 0.0045894
7 0.00459216
7 0.00459533
7 0.00459562
7 0.00459192
7 0.00458999
12 0.297353
5 0.0478017
5 0.0478061
5 0.047825
5 0.0478059
5 0.0478042
5 0.047825
5 0.0478101
5 0.0478014
5 0.268157
1 0.426526
1 0.426527
1 0.477275
8 0.13436
8 0.0162042
8 0.0162067
8 0.0162028
8 0.0162017
8 0.016207
8 0.016205
8 0.0162045
8 0.0162049
8 0.0162043
12 0.298888
5 0.047825
5 0.0478059
5 0.0478042
5 0.047825
5 0.0478078
5 0.0478017
5 0.0478189
5 0.0478168
5 0.25455
2 0.147591
2 0.14759
2 0.147589
2 0.14759
2 0.14759
12 0.441302
7 0.00459031
7 0.00459305
7 0.0045917
7 0.00459233
7 0.00459701
7 0.00459031
7 0.00459207
7 0.00459109
7 0.00459716
7 0.0045938
7 0.00459215
7 0.00458992
7 0.00459162
5 0.380767
5 0.0478042
5 0.047825
5 0.0478101
5 0.0478014
5 0.047817
5 0.0478187
5 0.0478014
5 0.047815
1 0.616741
1 0.426528
1 0.426526
12 0.3533
8 0.0162054
8 0.0162066
8 0.0162045
8 0.0162054
8 0.0162038
8 0.0162027
8 0.0162046
8 0.0162067
8 0.0162027
8 0.0162018
5 0.451645
5 0.0478078
5 0.0478017
5 0.0478256
5 0.0478101
5 0.0478014
5 0.047817
5 0.0478187
5 0.0478014
0 0.492763
2 0.147589
2 0.147589
2 0.147591
2 0.147589
2 0.14759
12 0.202018
7 0.00459404
7 0.00459231
7 0.00459233
7 0.00459542
7 0.00459031
7 0.00459305
7 0.00459351
7 0.00459051
7 0.00459701
7 0.00459031
7 0.00459274
7 0.00459223
12 0.28196
5 0.0477994
5 0.0478189
5 0.0478187
5 0.0478014
5 0.047815
5 0.0478206
5 0.0478017
5 0.0478061
5 0.047825
1 0.278063
1 0.426527
1 0.426528
12 0.258292
8 0.0162031
8 0.0162059
8 0.0162048
8 0.0162031
8 0.0162017
8 0.016207
8 0.0162054
8 0.0162041
8 0.0162017
8 0.254713
5 0.0544604
5 0.0478014
5 0.047815
5 0.0478206
5 0.0478017
5 0.0478061
5 0.047825
5 0.0478059
5 0.0478042
2 0.437934
2 0.147588
2 0.147591
2 0.14759
2 0.147589
2 0.296875
12 0.282471
7 0.00458825
7 0.00459716
7 0.00459199
7 0.00459215
7 0.00459404
7 0.00459231
7 0.00459233
7 0.00459542
7 0.00459031
7 0.00459305
7 0.0045917
7 0.00459233
12 0.334998
5 0.047815
5 0.0478206
5 0.0478017
5 0.0478061
5 0.047825
5 0.0478059
5 0.0478042
5 0.047825
5 0.31345
1 0.426527
1 0.426524
1 0.597939
8 0.0216168
8 0.0162054
8 0.0162066
8 0.0162045
8 0.0162054
8 0.0162038
8 0.0162027
8 0.0162046
8 0.0162067
8 0.0162027
12 0.314307
5 0.0478014
5 0.0478084
5 0.0478263
5 0.0478046
5 0.0478042
5 0.047825
5 0.0478078
5 0.0478017
5 0.286004
2 0.14759
2 0.14759
2 0.147589
2 0.147589
2 0.147591
12 0.398633
7 0.00459533
7 0.00459546
7 0.00459209
7 0.00459116
7 0.00459587
7 0.00458825
