2 0.0815168
2 0.0917025
2 0.0699561
4 0.0395095
4 0.0371121
4 0.0351255
4 0.0343779
4 0.0344386
4 0.0355143
4 0.0352047
4 0.0345752
4 0.0358016
4 0.0392431
4 0.0392913
4 0.0392567
4 0.0392919
4 0.039005
4 0.0356202
4 0.0347862
4 0.035527
4 0.0354391
4 0.0354281
4 0.0352915
4 0.0349268
4 0.0347654
4 0.0350228
4 0.0352152
4 0.0352548
4 0.0352182
4 0.0354318
4 0.0354271
4 0.0353937
4 0.0354359
4 0.0347691
4 0.0347845
4 0.0353012
4 0.0353901
4 0.0354869
4 0.0353698
4 0.0350329
4 0.0347589
4 0.0348746
4 0.0352594
4 0.0352971
4 0.0881897
4 0.114782
4 0.114779
4 0.11478
4 0.114791
4 0.114779
4 0.11478
4 0.114786
4 0.114773
4 0.114787
4 0.114782
4 0.114783
4 0.114777
2 0.0838403
2 0.0132695
2 0.0138666
2 0.015
2 0.016612
2 0.0158005
2 0.0108138
2 0.00521295
2 0.0097212
2 0.0140374
2 0.0138249
2 0.00536007
2 0.00857221
2 0.00393818
2 0.00920627
2 0.0102479
2 0.00504896
2 0.0068003
2 0.00474155
2 0.0131229
2 0.0135496
2 0.0105532
2 0.00568552
2 0.00953346
2 0.016363
2 0.0163719
2 0.0178197
2 0.0146454
2 0.0142156
2 0.0144796
2 0.0161208
2 0.0133751
2 0.00741836
2 0.0091195
2 0.0144871
2 0.0115125
2 0.011978
2 0.0343762
2 0.0338611
2 0.00749372
2 0.00512296
2 0.0244081
2 0.0419206
2 0.0429282
2 0.0314711
2 0.00670611
2 0.020867
2 0.0434497
2 0.0467591
2 0.034426
2 0.00890418
2 0.00327665
2 0.0150376
2 0.0362206
2 0.0189805
2 0.011404
2 0.0116485
2 0.00842511
2 0.00519866
2 0.00854335
2 0.0152049
2 0.0124436
2 0.00778284
2 0.00690042
2 0.011881
2 0.0124942
2 0.00341934
2 0.0221426
2 0.0376131
2 0.0180723
2 0.00993329
2 0.00497901
2 0.0366051
2 0.0445079
2 0.0398342
2 0.00565234
2 0.00732206
2 0.0418147
2 0.0414437
2 0.0420748
2 0.0189406
2 0.011476
2 0.0141291
2 0.0378668
2 0.030467
2 0.00561931
2 0.0153913
2 0.0116113
2 0.00763085
2 0.00947149
2 0.0128136
2 0.0160329
2 0.0163956
2 0.0123968
2 0.0140403
2 0.0170065
2 0.0162985
2 0.0110576
2 0.00718298
2 0.00979818
2 0.0150842
2 0.0147536
2 0.00681311
2 0.00576748
2 0.00573912
2 0.0116451
2 0.0131732
2 0.00849058
2 0.00713858
2 0.00594176
2 0.00915978
2 0.0145064
2 0.01273
2 0.0040434
2 0.00416712
2 0.013133
2 0.0158045
2 0.0163845
2 0.0149729
2 0.0123201
2 0.0169914
2 0.150738
0 0
14 0.0174146
10 0.00787459
14 0.0115807
10 0.0141239
14 0.00344038
10 0.0127762
14 0.010983
14 0.00652022
14 0.0127435
14 0.0109687
10 0.0106365
14 0.00609768
10 0.0122542
14 0.00788271
11 0.0119659
10 0.0101104
11 0.0129069
10 0.0107361
10 0.0143564
10 0.00812779
14 0.00561622
10 0.00828846
14 0.0116896
11 0.0116424
10 0.0026753
11 0.0320245
10 0.00879093
11 0.0239346
10 0.00588395
11 0.0179987
10 0.012138
14 0.00522464
10 0.0177331
14 0.00952997
11 0.0171667
14 0.012378
11 0.0241171
14 0.0134471
11 0.0217026
10 0.00729483
11 0.020192
10 0.00793902
14 0.0077161
10 0.00701719
14 0.00301723
10 0.0082652
10 0.00493279
10 0.00894705
10 0.00743206
10 0.0194874
10 0.00446995
10 0.014505
10 0.00974957
14 0.0124565
14 0.000773572
10 0.00774329
14 0.0106462
10 0.0097249
14 0.0080323
10 0.00767947
14 0.00381043
10 0.00997401
14 0.00932785
10 0.00729282
14 0.00970098
14 0.0038034
10 0.00637549
10 0.0133927
10 0.0176382
10 0.0108673
10 0.0196011
10 0.0149944
10 0.0058704
10 0.00997753
14 0.00592703
10 0.00503183
14 0.00397093
11 0.019839
11 0.0157797
11 0.0124851
10 0.0181572
11 0.0179217
11 0.0144185
11 0.0243569
11 0.00798299
11 0.00743844
14 0.0107047
11 0.013253
14 0.010542
10 0.0117007
11 0.0177855
11 0.0161718
11 0.0221443
11 0.0177502
11 0.0216679
10 0.014886
11 0.0291904
11 0.0154726
10 0.00672536
10 0.0142333
10 0.00964457
11 0.0100308
11 0.0205138
10 0.0131666
11 0.0172085
11 0.0178462
11 0.0170386
11 0.00922359
11 0.00902779
11 0.00297025
10 0.013464
10 0.0132759
11 0.0195626
11 0.0128568
10 0.00811644
11 0.00846671
11 0.0172131
11 0.0199274
11 0.0380495
11 0.0121837
11 0.0076911
14 0.00946748
14 0.00545486
14 0.00848532
10 0.00578429
10 0.00946683
11 0.0171941
10 0.016722
10 0.0182639
10 0.00688687
14 0.0061568
14 0.012017
14 0.00412189
14 0.0122954
14 0.00458385
10 0.0070776
10 0.0125674
10 0.0130807
10 0.012963
10 0.0100321
10 0.00952125
14 0.00514879
10 0.0130768
14 0.00645708
10 0.00815816
10 0.0155583
11 0.0315446
11 0.00877225
11 0.00902932
11 0.0166881
11 0.00938083
11 0.0255818
11 0.020585
11 0.0134322
10 0.0116221
10 0.0132518
14 0.007929
11 0.0112577
11 0.014094
11 0.0155925
11 0.0203379
11 0.0252651
10 0.0175661
11 0.0214482
11 0.0141881
11 0.0176494
14 0.0124788
11 0.0194366
10 0.00877544
10 0.00949142
11 0.0188023
11 0.0196266
11 0.0246636
11 0.0246183
11 0.0164957
11 0.0216457
10 0.0184136
11 0.0328225
11 0.0217838
10 0.00974711
10 0.0117756
11 0.0154541
11 0.0216795
11 0.0121568
10 0.0195516
11 0.021401
11 0.0185443
11 0.0522544
11 0.010877
11 0.0181923
14 0.00883178
10 0.0134595
14 0.00876028
10 0.0129212
10 0.0127501
10 0.00867852
10 0.0165487
10 0.00825731
10 0.00452281
10 0.0102317
10 0.0127221
14 0.00630795
14 0.00876566
10 0.00829755
14 0.017517
10 0.0117507
14 0.00633512
10 0.0103868
14 0.00349848
10 0.00922783
14 0.00615632
14 0.00874746
14 0.00914873
14 0.0134178
10 0.0150619
10 0.00878238
11 0.0210659
10 0.0065546
10 0.0120656
10 0.0123105
10 0.0057126
14 0.00856219
14 0.0058255
14 0.0109993
14 0.00643677
10 0.0116487
10 0.00401848
11 0.0169579
10 0.0146998
11 0.0213109
10 0.00769978
11 0.0180831
10 0.0055547
14 0.00494758
10 0.00961221
14 0.0163695
11 0.0123871
10 0.00605021
11 0.0272371
11 0.00740052
11 0.0122258
11 0.0170024
11 0.0127276
10 0.00522599
10 0.00975574
14 0.00990887
10 0.0123776
14 0.01109
10 0.0148908
14 0.0197026
11 0.0137583
11 0.0176602
10 0.00920637
11 0.017679
10 0.00970578
10 0.0135662
14 0.00555479
14 0.00466595
10 0.0103785
14 0.00561203
10 0.0158693
14 0.00870398
10 0.00974667
14 0.00626737
10 0.0148131
14 0.00443304
14 0.00852805
9 0
8 0.0367387
5 0.0561483
3 0.0465029
13 0.0258681
3 0.0212196
12 0.115592
8 0.0640268
6 0.0892652
1 0.0942131
7 0.0994146
3 0.0206268
3 0.0401654
12 0.0501941
8 0.0276252
6 0.0362754
1 0.0161401
7 0.0920864
3 0.0478719
3 0.0292715
5 0.136296
12 0.14505
7 0.109848
5 0.0152739
3 0.0104525
3 0.061715
1 0.0282172
12 0.0784777
12 0.0571032
1 0.0486522
12 0.0239618
3 0.0138108
13 0.0831605
8 0.0897008
12 0.121742
12 0.0797011
1 0.0715915
12 0.0439773
3 0.02738
8 0.0550078
12 0.0479299
7 0.0190447
12 0.0614097
7 0.0422481
8 0.0770768
3 0.0671426
1 0.0763072
7 0.133755
12 0.173135
7 0.0321129
5 0.0386984
3 0.0200985
7 0.0926925
7 0.0570383
6 0.218617
5 0.0455649
12 0.0725655
3 0.0655092
8 0.0372859
12 0.0998496
7 0.0413577
6 0.107973
1 0.055012
7 0.0338847
8 0.023943
12 0.0610349
8 0.0429611
6 0.0215075
1 0.0601224
5 0.0882118
8 0.0662005
5 0.082927
3 0.0156222
6 0.0885485
1 0.0553568
12 0.0126792
1 0.0371125
7 0.0422303
12 0.0935568
1 0.0747012
5 0.0238167
13 0.0262157
8 0.055038
12 0.138134
1 0.00864953
6 0.291006
7 0.0594054
1 0.0389488
8 0.0389574
6 0.201884
3 0.0826843
6 0.152147
5 0.127201
6 0.147604
8 0.0181754
8 0.0113231
12 0.0978224
7 0.0176923
6 0.292362
1 0.023999
12 0.0752949
8 0.047738
7 0.0454322
7 0.142841
5 0.111494
6 0.105737
7 0.0714431
1 0.0759534
1 0.0762092
12 0.0260732
7 0.0637964
6 0.00369928
8 0.0495737
7 0.0987897
5 0.00832983
1 0.0230265
6 0.0491413
8 0.0175313
7 0.121593
13 0.0613898
3 0.0736814
12 0.0392208
7 0.0702831
6 0.181661
7 0.104339
1 0.0344681
8 0.0525077
12 0.00946757
8 0.0524894
6 0.248931
5 0.0416519
6 0.220008
8 0.0208838
8 0.0130284
12 0.0549373
7 0.0728681
6 0.474701
1 0.0198949
5 0.0675761
8 0.0529129
12 0.0748209
3 0.0753816
6 0.342499
7 0.0919376
12 0.153649
3 0.05616
1 0.0127606
7 0.0725147
12 0.0582986
5 0.0775366
5 0.0332986
3 0.00752665
12 0.0370839
5 0.111135
12 0.0107229
7 0.0634722
3 0.0586675
8 0.0343564
8 0.051109
5 0.152304
12 0.200378
7 0.0561398
5 0.0712401
8 0.0415998
5 0.0139927
8 0.0447834
6 0.153782
7 0.0384431
5 0.117625
8 0.0310149
7 0.0110309
7 0.0329933
12 0.0691505
6 0.118555
5 0.087579
8 0.0710159
8 0.0298084
12 0.0239666
7 0.0617211
6 0.199189
1 0.029315
1 0.0699118
3 0.0146484
12 0.0590225
1 0.0405387
6 0.0234684
1 0.0990043
7 0.00864009
5 0.0895228
7 0.073198
6 0.0628516
8 0.0253411
7 0.0764366
13 0.0342815
5 0.128101
7 0.0508344
12 0.0296746
7 0.0571793
1 0.0281165
5 0.0319928
12 0.0730509
1 0.0829903
5 0.0212689
5 0.00752663
7 0.107076
12 0.0598829
1 0.0749093
8 0.0607122
5 0.0693891
12 0.0462826
7 0.0147521
5 0.0321214
1 0.0694681
1 0.0239096
6 0.173447
8 0.0911527
6 0.158527
8 0.0338684
5 0.033531
3 0.00805039
13 0.00922753
3 0.0490964
12 0.105748
3 0.0640241
5 0.14831
3 0.12081
3 0.02719
5 0.0565393
1 0.0632204
12 0.0250364
8 0.0243152
8 0.0304661
7 0.0407802
5 0.0148381
5 0.0323323
7 0.121958
8 0.0219412
3 0.0211134
6 0.119911
8 0.0143751
12 0.0155041
3 0.0402843
3 0.106804
5 0.0411268
1 0.0418344
5 0.0550039
8 0.0953496
1 0.0665901
7 0.0236874
5 0.0736132
13 0.139076
8 0.0426443
12 0.152632
8 0.0702374
5 0.0859006
1 0.0494802
7 0.0605893
5 0.0420959
12 0.119464
8 0.0771331
8 0.0695688
12 0.0783827
1 0.0552022
5 0.0788508
8 0.0441883
5 0.118958
8 0.0405199
5 0.127233
8 0.0770611
1 0.0409304
5 0.0176121
12 0.103744
1 0.0128171
12 0.0142655
7 0.0429026
7 0.0251269
3 0.0234267
3 0.0175338
12 0.125715
7 0.0418682
7 0.0944257
8 0.0416256
5 0.136919
1 0.0113653
12 0.030324
3 0.0408896
7 0.093314
5 0.12121
12 0.045425
3 0.0284868
8 0.0227764
12 0.123754
12 0.14363
8 0.0246469
8 0.0708967
12 0.0617289
5 0.120418
7 0.0135812
12 0.171789
1 0.0773633
5 0.0961015
13 0.0369862
8 0.0436069
12 0.207813
3 0.0259353
12 0.0153061
3 0.0282955
1 0.09692
12 0.0620819
12 0.0318922
13 0.103307
8 0.0293776
12 0.113075
8 0.0191136
12 0.0929553
8 0.022206
3 0.0722769
12 0.0349373
5 0.059963
8 0.0729952
8 0.0534981
12 0.122073
8 0.0939615
6 0.215287
7 0.0467052
7 0.0120327
12 0.0972023
13 0.180152
8 0.00912995
12 0.115029
1 0.0724217
7 0.0787877
8 0.085484
5 0.0244437
7 0.0197022
12 0.0872606
13 0.0773135
8 0.065259
6 0.198556
1 0.0234354
12 0.154082
8 0.0161431
7 0.0878368
7 0.126971
12 0.10512
3 0.0692318
5 0.0414273
5 0.0458899
12 0.123496
1 0.0215059
12 0.0762823
7 0.0188868
3 0.0521316
1 0.0739103
1 0.0622371
5 0.0805574
5 0.124721
1 0.0190068
1 0.0931978
12 0.100222
5 0.102885
8 0.0862436
12 0.0479531
5 0.0252899
1 0.0294433
5 0.129515
6 0.18648
1 0.0296969
12 0.0940592
3 0.0157091
13 0.0347197
3 0.0132738
5 0.126878
8 0.0834247
12 0.0477947
3 0.0811554
3 0.0394136
1 0.0438528
7 0.0157464
12 0.0269111
8 0.0157045
3 0.0428149
13 0.0893671
6 0.145692
7 0.00605974
5 0.110836
3 0.0237405
8 0.0421253
12 0.0747935
1 0.0342084
5 0.130893
3 0.00549206
3 0.0849821
5 0.0426759
8 0.0308012
5 0.0519031
1 0.0127262
1 0.0868609
1 0.0691355
5 0.0159133
13 0.136533
1 0.0779511
12 0.153998
8 0.0688152
7 0.144734
1 0.0485233
12 0.0695026
1 0.059691
12 0.15673
8 0.0184927
13 0.0334239
12 0.168974
8 0.0628544
12 0.107068
3 0.0128417
7 0.00429241
7 0.0175369
12 0.0236825
8 0.0641375
8 0.00462878
6 0.142466
1 0.0589195
5 0.0481575
5 0.0459383
8 0.0110378
5 0.136034
13 0.10107
8 0.0279924
12 0.0403153
7 0.0967729
1 0.0554448
3 0.0696839
5 0.0349318
7 0.0639505
12 0.0897119
13 0.0156562
3 0.0572901
12 0.0201601
8 0.0506957
6 0.216506
13 0.114569
3 0.0660034
12 0.143687
8 0.057791
5 0.0393222
8 0.0421964
7 0.00746255
5 0.13726
5 0.0561598
1 0.0881302
12 0.0876252
7 0.081304
1 0.0345377
3 0.0209146
3 0.0660831
12 0.171089
7 0.0241897
1 0.0666556
3 0.050076
12 0.0803538
3 0.0165773
12 0.0694005
3 0.0148107
3 0.04895
12 0.047078
1 0.0369801
7 0.107766
3 0.065102
5 0.065571
7 0.0180184
12 0.0766638
3 0.058705
8 0.0515632
6 0.086916
8 0.0450194
12 0.0219003
7 0.00956892
7 0.00498893
5 0.121568
13 0.132506
8 0.037326
5 0.0704816
8 0.0667605
7 0.0298032
1 0.0637959
5 0.135715
7 0.0181289
12 0.130052
3 0.0952973
3 0.0922148
12 0.148639
1 0.0165683
7 0.0427918
3 0.0579293
12 0.0726099
8 0.0217883
5 0.065192
8 0.0710267
5 0.00899065
5 0.0843673
5 0.0251488
1 0.0367057
12 0.0107088
1 0.0414979
1 0.0227257
3 0.0601431
5 0.138097
5 0.0562767
1 0.0644332
1 0.0178489
5 0.0817531
5 0.14969
8 0.0731486
5 0.102118
12 0.0591489
5 0.0667568
8 0.0892583
7 0.0975405
6 0.0485463
8 0.0141306
12 0.0919851
3 0.018115
13 0.0451853
3 0.0239832
8 0.0786807
8 0.0527378
3 0.00595812
1 0.0833123
3 0.0393837
3 0.00388359
1 0.0374964
3 0.0583155
3 0.00656421
8 0.00829286
3 0.0321936
3 0.058758
8 0.0247194
3 0.0342081
1 0.0236977
3 0.0755295
13 0.0591398
3 0.0462012
8 0.0158624
3 0.0447242
8 0.0724745
8 0.0172849
8 0.00697273
8 0.0172637
8 0.0527738
3 0.0342974
1 0.0772377
3 0.112024
