10 0.165182
10 0.118278
10 0.0712973
10 0.0612965
7 0.0683027
10 0.0834252
7 0.0302738
7 0.0673129
7 0.0439426
7 0.0107052
7 0.0125037
7 0.0483211
7 0.0359468
7 0.0348746
3 0.0360738
7 0.0228916
3 0.0370733
7 0.0239575
3 0.0265831
3 0.0281336
7 0.0639213
7 0.0345644
7 0.0197062
5 0.0269406
7 0.0370175
11 0.0294788
3 0.0229918
3 0.0292748
5 0.0232757
5 0.0248966
3 0.0273642
3 0.0251643
3 0.0238533
3 0.024689
3 0.026184
3 0.0243251
5 0.0247304
5 0.0240169
7 0.0124396
5 0.0341689
3 0.0242988
7 0.0368919
7 0.0378842
11 0.021744
3 0.0265277
11 0.0370632
3 0.0341316
3 0.0241334
11 0.0234105
3 0.024256
3 0.022788
5 0.0327062
3 0.0286047
3 0.0288261
5 0.021686
5 0.0230045
5 0.0329247
11 0.0289159
7 0.0235437
3 0.0229048
5 0.0284572
3 0.0277706
5 0.021699
3 0.0232705
5 0.0298731
3 0.0208663
5 0.0196776
11 0.0247209
5 0.0296872
5 0.0158891
3 0.0316321
5 0.0222897
5 0.0139346
3 0.0242257
5 0.0161715
3 0.0226049
11 0.0291834
3 0.0238513
5 0.0344134
11 0.0329591
11 0.0442909
5 0.0144545
3 0.0220374
5 0.0181915
11 0.0427875
5 0.0198997
3 0.0289189
5 0.0202102
5 0.0149695
3 0.0282317
5 0.0181405
8 0.0373667
5 0.0273585
11 0.0238094
3 0.0402336
7 0.0405676
3 0.0344044
3 0.0315257
8 0.0298894
11 0.0161231
11 0.0214253
5 0.0203298
3 0.0267616
3 0.0175989
5 0.0238877
8 0.0247851
5 0.0248362
11 0.0254078
5 0.0224984
5 0.0249185
8 0.0432862
8 0.0345927
5 0.0253782
8 0.0272278
8 0.0224629
5 0.0226861
11 0.0157699
5 0.0174455
5 0.031023
3 0.0216166
5 0.0158892
3 0.0199987
5 0.0218108
5 0.0213068
5 0.0279964
3 0.0233503
5 0.0180347
5 0.0279633
11 0.0130448
5 0.0226277
5 0.0176488
5 0.0151136
11 0.0192819
11 0.0283928
3 0.0233124
5 0.0316268
5 0.0231371
3 0.025617
5 0.0126711
5 0.0269046
5 0.0148009
11 0.0229951
11 0.0155543
5 0.0259099
5 0.0132597
3 0.0300462
5 0.0212898
3 0.0220582
11 0.0247605
5 0.0169324
7 0.0373245
11 0.0116795
3 0.0193717
4 0.0376512
5 0.02413
11 0.00775352
11 0.00757943
3 0.0252222
11 0.0127074
3 0.0140204
11 0.011995
5 0.0231648
5 0.0176975
5 0.020058
5 0.024249
11 0.0192233
3 0.0209639
3 0.0279169
5 0.0148907
5 0.0274912
11 0.0179394
5 0.0175189
11 0.0125998
11 0.0118862
5 0.0258865
11 0.0140829
11 0.00683596
4 0.0330811
3 0.025296
11 0.0110504
11 0.0153001
5 0.0192993
11 0.0104919
5 0.0276194
11 0.00613679
11 0.0185742
11 0.0235854
1 0.0337558
4 0.0456906
3 0.0175667
11 0.011164
11 0.0195083
11 0.00474787
11 0.0105963
5 0.0257727
11 0.0146715
5 0.0155362
11 0.0265001
3 0.0190536
11 0.013597
5 0.0253223
11 0.0161387
5 0.0266906
5 0.0123874
8 0.00934489
3 0.0203043
4 0.0341186
8 0.0200345
11 0.0192725
3 0.0223595
5 0.0212499
11 0.0105461
5 0.0261517
5 0.0152465
8 0.0181752
8 0.0141399
11 0.0176388
8 0.0162539
11 0.00630588
8 0.0133144
11 0.0261247
11 0.00866228
3 0.0313489
5 0.0244444
5 0.0241274
5 0.0207951
11 0.0135296
5 0.0280482
11 0.0142451
11 0.0112324
5 0.0194663
8 0.018088
11 0.0176463
8 0.0134333
11 0.0388885
8 0.0170083
5 0.0263787
11 0.0146631
11 0.0378751
8 0.00973786
11 0.0183103
5 0.0238838
4 0.0266827
3 0.0254336
5 0.0188345
8 0.0192935
8 0.0171576
5 0.0280824
5 0.0269389
11 0.0138341
8 0.0184458
11 0.0140992
8 0.0147056
11 0.034129
11 0.0138229
8 0.0207368
11 0.018822
11 0.0214798
5 0.0276817
11 0.0115688
8 0.0228467
11 0.0252939
8 0.0147689
11 0.0143846
11 0.0145963
1 0.0156241
5 0.0219581
8 0.0161456
11 0.0173955
8 0.0253216
1 0.0223353
9 0.012248
11 0.018664
11 0.0166951
11 0.0175297
4 0.0315618
9 0.0176225
1 0.0184148
8 0.0124981
9 0.0137109
5 0.0223398
9 0.0165057
1 0.0212153
5 0.019311
1 0.0163673
8 0.0183653
1 0.0179364
1 0.0300337
11 0.0150077
9 0.0192506
5 0.0261475
9 0.0143103
8 0.0202691
11 0.0166487
4 0.0227292
8 0.026277
3 0.0294088
4 0.0212807
9 0.015933
5 0.0202383
5 0.0249171
1 0.036842
5 0.0204233
11 0.019789
8 0.0106473
8 0.0124091
11 0.01653
11 0.0133976
8 0.0137182
4 0.0157322
9 0.0125755
9 0.0121866
9 0.0192033
9 0.00859851
1 0.0205375
8 0.0161279
8 0.0181049
9 0.011509
5 0.0149808
3 0.0378614
3 0.0283087
5 0.0281517
9 0.019722
4 0.0213927
8 0.0069177
9 0.0184798
9 0.0186968
4 0.0119957
8 0.0183256
8 0.0141868
9 0.00852905
1 0.0146856
4 0.0147803
8 0.0178384
8 0.00316884
9 0.0122067
8 0.0166459
5 0.0313963
1 0.0298202
4 0.0185579
8 0.00977306
0 0.0151492
11 0.0162288
11 0.0108181
1 0.0229272
3 0.0366687
9 0.0195333
9 0.0228344
8 0.0140691
9 0.00605095
9 0.01919
8 0.00991964
11 0.0149585
8 0.022841
1 0.0187672
9 0.0181823
4 0.0340674
1 0.0247978
9 0.0159871
6 0.0204032
5 0.0317289
11 0.0171322
4 0.02944
0 0.015383
8 0.0135089
4 0.0275074
9 0.00903078
9 0.0114973
1 0.014408
11 0.0173347
11 0.0161274
1 0.0151304
11 0.0181718
12 0.0213045
1 0.0152303
9 0.0113256
0 0.0321944
4 0.0107269
0 0.0219097
1 0.0179447
5 0.0285173
8 0.015913
8 0.0141239
9 0.0189822
9 0.0226703
11 0.0189936
9 0.013585
6 0.0137356
9 0.0163495
8 0.0113962
1 0.0164349
4 0.0136912
8 0.00603097
5 0.0378903
9 0.0191499
9 0.0165146
8 0.0119616
6 0.0168044
4 0.022658
9 0.0130812
9 0.0146724
8 0.0224123
9 0.0104892
2 0.0221536
1 0.0262069
6 0.0370861
8 0.00873237
8 0.0112528
1 0.0176404
9 0.0131816
8 0.0111205
1 0.0166921
8 0.00847526
1 0.0185975
9 0.010186
9 0.0134259
1 0.0154128
1 0.0192863
9 0.012341
6 0.0194155
5 0.0228568
1 0.0384805
8 0.0116887
4 0.0298357
8 0.0156594
4 0.0232789
1 0.0306045
4 0.0219646
9 0.0108541
11 0.0189394
6 0.009334
0 0.0152842
8 0.0185108
4 0.0105229
9 0.00469935
12 0.0189939
2 0.0285607
9 0.0158191
8 0.0171501
1 0.0275709
4 0.0145904
12 0.012244
9 0.00928916
6 0.0141844
12 0.0161881
4 0.020561
0 0.0149765
0 0.0187618
9 0.0175078
4 0.00794465
1 0.0212607
4 0.0189722
1 0.0288944
4 0.0192554
8 0.0120154
6 0.0192781
6 0.0165632
9 0.0132944
2 0.0316468
0 0.0221192
2 0.0252367
6 0.0373982
2 0.0354271
8 0.0119977
1 0.01961
0 0.0189265
1 0.0173655
9 0.0136417
9 0.0158193
6 0.0163227
0 0.0261293
9 0.0342739
9 0.0249919
1 0.0315302
5 0.0251104
9 0.0165314
9 0.0121341
9 0.0159943
8 0.0105168
1 0.0221706
8 0.0164242
4 0.0168358
9 0.0136912
6 0.0203369
1 0.0248826
1 0.0281253
1 0.0266573
1 0.0171095
8 0.0168804
8 0.0144999
2 0.01755
9 0.015128
12 0.0169689
2 0.0439019
9 0.0068048
12 0.0199342
9 0.0184071
9 0.0117304
0 0.017394
2 0.0341749
9 0.00846938
1 0.0166799
8 0.0205035
0 0.0150042
8 0.0215195
1 0.0189312
0 0.0129522
9 0.00772267
2 0.034949
12 0.00992534
4 0.0209096
9 0.0143353
8 0.0140069
0 0.0203821
4 0.0246664
12 0.0127955
8 0.0107062
8 0.0118998
4 0.023384
8 0.0200274
8 0.022455
0 0.0186312
4 0.0226666
8 0.00811314
9 0.016382
1 0.0144413
0 0.0149491
8 0.0164258
6 0.0153211
11 0.0140651
11 0.018194
6 0.0131689
8 0.0137864
2 0.0237882
12 0.00884493
12 0.0180924
8 0.0213528
4 0.0247091
12 0.0194541
12 0.0181443
4 0.0113027
6 0.00694284
9 0.0149733
9 0.0249605
6 0.00877081
9 0.0163599
8 0.0155794
8 0.0206383
5 0.0302669
12 0.0195718
5 0.0320892
8 0.00666482
6 0.00740313
4 0.0119757
1 0.0199347
9 0.0104581
1 0.0177021
9 0.0171498
9 0.00605912
12 0.0185289
2 0.021
9 0.0159801
12 0.0158354
2 0.0214661
9 0.0183371
8 0.0189321
8 0.0166925
12 0.0198062
2 0.0227952
12 0.0181863
4 0.0225382
9 0.0235446
6 0.0159368
12 0.0195559
12 0.0184553
8 0.0205499
4 0.0259176
12 0.0140647
9 0.0143791
6 0.0126753
9 0.0194951
0 0.0117234
8 0.0162487
12 0.0177132
4 0.021379
0 0.0216436
6 0.0139883
9 0.0127497
12 0.0168435
9 0.00820714
9 0.00757157
1 0.0202264
2 0.0219118
1 0.0252391
8 0.0171419
12 0.0145903
4 0.0269235
0 0.0181313
0 0.01081
4 0.0166351
0 0.0291725
4 0.00881918
8 0.0176796
0 0.0127188
8 0.0211259
2 0.0155459
12 0.0137385
4 0.0149978
12 0.0191466
8 0.0124451
8 0.0147493
6 0.0128286
2 0.0189358
0 0.0165063
2 0.0223248
12 0.0194824
0 0.0118785
2 0.0167422
6 0.00905867
6 0.0219953
9 0.016517
9 0.00883541
6 0.0145296
1 0.0235225
12 0.0212607
12 0.0215565
1 0.0151571
9 0.0180576
6 0.0130463
0 0.00779378
9 0.0207054
8 0.0221473
6 0.0195402
9 0.0209374
9 0.0134681
12 0.0139596
8 0.0205828
4 0.0277147
1 0.0299879
2 0.0289997
6 0.025233
8 0.0124021
9 0.0166479
12 0.0177111
6 0.0210119
12 0.0133699
4 0.010297
6 0.0134278
9 0.00689619
0 0.0204573
6 0.0180027
12 0.0119531
4 0.0212637
0 0.00888994
0 0.0175629
4 0.0185119
9 0.00816639
0 0.0225006
9 0.0116194
0 0.0298927
12 0.012976
4 0.0143087
12 0.0151769
6 0.0145477
6 0.0158755
2 0.0168275
1 0.0284822
4 0.0161199
1 0.032617
2 0.0173286
12 0.0188157
12 0.014664
2 0.0229976
9 0.0121527
0 0.0240607
2 0.0190193
8 0.0138523
5 0.0449444
6 0.0133453
9 0.0174788
12 0.0149167
1 0.014839
6 0.009881
4 0.00850623
0 0.0275669
0 0.0154113
1 0.0173855
2 0.0205844
0 0.0212001
2 0.0267787
0 0.0229559
4 0.0301048
9 0.0383645
4 0.0195499
12 0.0134889
12 0.0157925
1 0.017577
4 0.00889188
12 0.0171802
6 0.0218905
9 0.00673547
12 0.0165772
9 0.0410206
9 0.00645125
12 0.0190788
12 0.0167162
12 0.01744
0 0.0247392
2 0.029774
12 0.0246047
0 0.0130771
2 0.0134282
12 0.0148889
2 0.0158358
12 0.0318135
8 0.0157934
2 0.0131425
1 0.0285906
4 0.0287419
12 0.0152012
1 0.0272699
0 0.0192935
2 0.0208854
8 0.0159851
12 0.0212706
9 0.0186554
12 0.017574
12 0.0233233
9 0.0106517
2 0.0105274
12 0.0196453
9 0.0145131
1 0.0246297
12 0.0137268
12 0.0132953
1 0.0226853
2 0.0219944
0 0.0124488
2 0.0132047
1 0.0310849
2 0.0212302
9 0.0193667
12 0.0233335
2 0.0198318
9 0.0135281
12 0.0188695
2 0.0203741
1 0.0346616
4 0.0347168
0 0.0157847
12 0.0188447
0 0.0194424
9 0.0125229
9 0.0219293
2 0.0147196
2 0.0389137
12 0.0182399
0 0.0217026
9 0.0125496
6 0.0169081
9 0.0200413
2 0.0336727
0 0.020757
6 0.0149879
2 0.0193094
12 0.0144234
1 0.0258185
1 0.0318993
2 0.0291582
12 0.0163686
9 0.0211691
6 0.0231353
9 0.0127425
12 0.0235398
9 0.0120771
1 0.0167652
9 0.0166479
9 0.0232741
0 0.0214185
0 0.0138675
6 0.0185195
2 0.0196836
0 0.0140797
2 0.0231008
8 0.0145008
12 0.023809
9 0.0115803
1 0.0234539
9 0.0223991
12 0.0152942
2 0.0168729
0 0.0131056
9 0.0151593
2 0.0162737
9 0.0115914
6 0.0171135
4 0.0263729
2 0.0237695
8 0.0214105
6 0.0159255
9 0.0179746
6 0.0122503
4 0.0186251
8 0.0184858
2 0.0115649
9 0.0138075
0 0.0246367
11 0.0188164
6 0.0126547
8 0.0196984
4 0.00845628
0 0.0110914
9 0.0260285
8 0.0160897
2 0.0368169
6 0.0124389
0 0.0259532
2 0.0280573
12 0.0279867
2 0.025424
9 0.0153599
12 0.017004
12 0.0141154
2 0.0155409
8 0.0178755
12 0.014156
2 0.0196753
0 0.0248713
8 0.017593
6 0.0107339
4 0.0214071
6 0.00727214
9 0.0113095
6 0.0176848
4 0.0270426
6 0.00703633
12 0.0196284
12 0.0230926
2 0.0218882
12 0.0133016
12 0.0183179
6 0.021734
12 0.0146336
6 0.0098847
2 0.0128094
12 0.0131905
4 0.0243498
1 0.0302491
6 0.0241641
12 0.0160656
6 0.0163318
4 0.0228151
12 0.0326382
12 0.0231777
2 0.0281248
12 0.0148015
0 0.0211674
2 0.0237388
12 0.0155438
5 0.0335597
0 0.0199142
9 0.0179423
2 0.0296678
12 0.0130721
12 0.0138574
0 0.0208056
1 0.0252855
2 0.0433575
9 0.0252571
12 0.0214506
12 0.0243782
4 0.0144774
12 0.0151829
12 0.019215
0 0.0190427
2 0.029443
9 0.0235792
0 0.0216121
4 0.0127164
2 0.0478777
4 0.0213979
0 0.0118796
12 0.0140327
2 0.0160961
12 0.0192021
2 0.0228322
0 0.0326138
2 0.0201581
12 0.0146379
0 0.0201896
2 0.0154471
1 0.024687
12 0.019605
2 0.0323612
12 0.0201088
2 0.0251616
9 0.0260339
12 0.0209429
9 0.0205166
6 0.00582898
2 0.0267396
12 0.0254619
4 0.0322194
12 0.0129218
9 0.01958
0 0.0225127
2 0.025731
6 0.0147827
0 0.0142459
9 0.0162884
12 0.0166498
2 0.0346922
0 0.0252237
12 0.0124059
12 0.0230661
2 0.0121823
0 0.0232742
2 0.0190325
2 0.0302225
12 0.0262926
1 0.0213258
4 0.0200663
0 0.0198526
2 0.0180224
0 0.0129885
2 0.0219901
12 0.0203792
12 0.0246422
12 0.0191989
2 0.0245646
12 0.0189295
2 0.0298726
9 0.0191862
0 0.0117551
6 0.0314334
9 0.0212211
2 0.0347438
12 0.0243458
6 0.0237718
4 0.0281076
6 0.0166637
0 0.0264583
4 0.0213192
12 0.0197365
9 0.0233806
2 0.0227361
8 0.0302024
0 0.0206811
12 0.0192955
6 0.0195584
12 0.0188476
4 0.0335304
9 0.013259
12 0.024861
8 0.0208245
6 0.00761994
4 0.0119541
12 0.0228364
1 0.0231783
12 0.0190463
0 0.0209591
2 0.0229461
12 0.0223884
12 0.0188742
4 0.0346418
12 0.0267638
12 0.0206174
9 0.0175382
1 0.0178519
2 0.0103628
12 0.0171627
12 0.0207352
6 0.0156393
2 0.0178999
6 0.0131546
12 0.018373
2 0.0182676
12 0.0170592
4 0.0190371
0 0.0147951
0 0.0143513
4 0.0195162
12 0.0295838
2 0.0159504
1 0.0131407
2 0.0258721
0 0.0212767
4 0.0146634
0 0.0181875
2 0.0334685
12 0.0212767
2 0.022087
0 0.0253107
2 0.0149607
12 0.0213293
2 0.0275233
8 0.0216579
0 0.033365
4 0.0169921
12 0.0302604
